-0.325277 -0.950053 -0.322648 -0.476243 -0.341502 -0.12331 -0.897556 0.904582 -0.996375 -0.619939 -0.943636 -0.85409 -1.5886 -1.39738 0.329975 0.492732 1.95773 1.79701 0 
0.281926 0.832805 0.755243 1.37604 0.672665 0.0940239 0.546271 -0.759619 0.546752 0.688993 0.808245 0.481563 1.2074 -0.729557 0.329975 -0.7389 0.659865 0.72157 2 
-0.689599 -1.59837 -1.40054 -0.774999 -0.341502 -0.340644 -1.22843 1.41664 -0.996375 -1.30885 -1.32586 -1.09745 -2.01875 -1.39738 -1.09327 -0.7389 2.11997 1.79701 0 
1.9821 0.184493 1.13568 0.838281 -0.0879604 0.0940239 0.726749 -0.887634 0.546752 0.0689726 0.648983 0.685307 -0.451763 -0.996688 0.939935 -0.626933 0.822099 0.990431 2 
-0.81104 -0.625897 -1.02011 -0.864625 -0.468273 -0.557978 -0.626839 0.648551 -0.610593 -0.826612 -0.784374 -0.689963 0.101292 0.873227 2.5665 -1.18677 -1.28694 -1.42932 2 
-0.568159 0.346571 0.0577843 0.00176569 -0.0879604 -0.12331 -0.145563 -0.119542 -0.224811 0.137864 0.0119352 -0.214561 0.469995 -0.0617305 0.126654 -0.291034 -0.313537 -0.353873 2 
-0.446718 -0.301741 -0.639675 -0.356741 0.292352 -0.12331 -0.987796 1.0326 -0.996375 -0.206592 -0.975488 -0.910685 -0.236686 -1.13025 -0.483306 -0.7389 1.95773 1.79701 0 
-0.446718 0.346571 0.184595 -0.237239 0.292352 0.311358 -0.175643 0.136489 -0.224811 0.826775 -0.370293 -0.288135 0.316369 0.0718348 0.533295 -1.4107 -0.638004 -0.0850121 0 
1.01057 -0.301741 0.882054 0.838281 0.165581 0.311358 0.486111 -0.631603 0.546752 -0.413265 0.426016 0.413649 -1.09699 -0.996688 0.329975 -0.0671005 0.984333 1.12486 3 
1.9821 1.31904 1.3893 1.61505 0.545894 0.311358 1.26818 -1.14366 1.31832 1.10234 1.09492 1.23994 1.0845 -0.729557 -0.279986 0.380766 0.173164 0.990431 2 
0.0390448 0.184493 0.565027 0.181019 1.05298 0.746025 -0.356121 0.264505 -0.224811 0.48232 -0.529555 -0.463581 0.531446 -0.462426 1.75322 0.940598 0.173164 0.58714 0 
-1.05392 -0.139663 -1.02011 -1.31276 -0.468273 -0.557978 -0.626839 0.520535 -0.610593 -0.206592 -0.59326 -0.661665 0.316369 1.54105 0.329975 -1.29873 -1.44917 -1.69818 1 
0.160485 0.994884 0.882054 0.808406 0.165581 0.0940239 0.63651 -0.759619 0.546752 0.895666 0.61713 0.583435 1.85263 -0.595992 1.34658 -1.4107 0.335398 0.318279 3 
1.13201 -0.625897 0.0577843 0.748655 0.165581 0.0940239 0.185314 -0.375572 0.16097 -0.413265 0.330459 0.0853949 -1.12772 -0.996688 0.126654 1.9483 1.3088 1.39372 3 
0.403367 0.346571 0.374811 0.420023 -0.214731 -0.340644 0.847068 -1.01565 0.932534 8.14316e-05 0.808245 0.883391 0.807973 0.2054 0.329975 -1.4107 0.497632 -0.622733 1 
-0.325277 -1.59837 -1.02011 -0.29699 -0.341502 -0.340644 -0.656919 0.520535 -0.610593 -1.17107 -0.625112 -0.667325 -1.5886 -1.13025 -1.09327 -1.29873 1.3088 0.990431 3 
-0.203837 -1.27421 -0.132432 0.330397 0.672665 -0.12331 -0.44636 0.264505 -0.610593 -1.30885 -0.274736 -0.491879 -0.943368 -0.462426 -0.0766656 -0.403 0.173164 -0.0850121 2 
0.767689 2.12943 1.70632 1.82417 1.05298 0.528691 1.71938 -1.3997 1.7041 2.34238 1.44529 1.76628 0.992325 -0.0617305 -1.29659 0.044866 -0.313537 0.318279 3 
-1.41824 -0.301741 -0.576269 -0.326865 0.799435 -0.340644 -0.5366 0.39252 -0.610593 -0.206592 -0.242884 -0.582432 -0.0523347 1.00679 -0.889946 0.492732 -0.962471 -1.02602 1 
1.37489 0.994884 -0.132432 1.13704 1.17975 -0.557978 0.786909 -1.01565 0.546752 0.757884 0.808245 0.787179 0.408545 0.338965 -0.0766656 0.828632 0.822099 -0.219442 1 
-0.932481 0.0224151 -0.766486 -1.40239 -0.721814 -0.340644 -0.626839 0.520535 -0.610593 -0.275483 -0.59326 -0.656006 0.347094 1.54105 0.533295 -0.850866 -1.44917 -1.69818 1 
-0.568159 -0.625897 -0.386053 0.420023 1.43329 -0.340644 -0.356121 0.136489 -0.610593 -0.826612 -0.242884 -0.378688 -0.66684 0.2054 0.329975 -0.0671005 0.335398 -0.0850121 1 
0.160485 0.184493 -0.386053 -0.207363 0.545894 0.528691 -0.205723 0.136489 -0.224811 0.48232 -0.433998 -0.333411 -0.0830599 0.2054 0.329975 -0.962833 -0.800238 -0.353873 0 
0.281926 0.184493 -0.766486 0.748655 1.05298 -0.557978 -0.0553239 -0.247557 -0.224811 8.14316e-05 -0.179179 -0.0730724 -0.113785 -0.462426 2.15986 -0.291034 1.7955 0.990431 1 
-0.446718 0.184493 -0.576269 -0.954252 -0.468273 0.528691 -0.235802 0.264505 -0.224811 0.688993 -0.59326 -0.378688 0.347094 0.472531 -1.29659 -0.403 -1.1247 -0.353873 0 
1.9821 1.80527 1.70632 0.898032 -0.595044 -0.775311 2.47137 -1.78374 2.47566 1.4468 2.65568 2.76236 2.86657 1.27392 0.939935 -0.291034 -0.962471 -1.69818 1 
0.646248 -1.11213 -0.512864 0.449899 0.545894 -0.557978 -0.145563 -0.247557 -0.224811 -1.17107 0.139345 -0.146646 -1.15844 -0.195296 -0.889946 1.05256 1.7955 0.856 1 
-1.05392 -0.463819 -1.02011 -1.46214 -1.10213 -0.340644 -0.596759 0.648551 -0.610593 -0.344374 -0.625112 -0.672984 -0.451763 1.67462 0.736615 -0.626933 -1.44917 -1.83261 1 
-0.689599 -0.787975 -0.829891 -0.685372 -0.341502 -0.340644 -1.16827 1.28863 -0.996375 -0.964395 -1.32586 -1.06349 -0.943368 -1.13025 -1.09327 -1.29873 0.659865 0.58714 3 
1.49633 1.96735 1.57951 1.97355 0.672665 -0.557978 2.80225 -1.91176 2.86144 1.58458 3.06976 3.09627 2.62076 1.80818 0.533295 2.06026 -1.44917 -1.56375 1 
-0.568159 -1.59837 -1.90778 -1.43226 -0.595044 -0.992645 -1.40891 1.80069 -1.38216 -1.58442 -1.58068 -1.2446 -1.43497 1.27392 -0.279986 0.044866 -1.28694 -1.56375 2 
1.37489 0.994884 1.4527 0.838281 -0.214731 0.528691 0.66659 -0.759619 0.546752 0.964558 0.585278 0.594754 0.592896 -1.13025 2.36318 -0.962833 1.14657 1.25929 2 
0.0390448 -0.787975 0.184595 0.50965 0.0388104 0.0940239 0.00483551 -0.247557 -0.224811 -0.619939 -0.147327 -0.0560937 -1.28135 -1.53095 -0.889946 -0.403 1.7955 1.93144 2 
-0.932481 0.0224151 -0.70308 0.0316412 1.05298 -0.557978 -0.686998 0.520535 -0.610593 -0.137701 -0.529555 -0.672984 0.43927 -0.195296 0.736615 -0.514967 -0.313537 -0.622733 1 
1.73921 0.994884 1.13568 1.10716 0.165581 0.311358 0.816988 -0.887634 0.932534 0.757884 0.808245 0.7702 0.807973 -0.996688 0.126654 0.380766 0.822099 1.25929 2 
-0.446718 0.184493 -0.449459 -1.07375 -0.848585 0.528691 -0.265882 0.264505 -0.224811 0.895666 -0.497703 -0.401326 -0.113785 0.606096 -1.29659 0.380766 -1.1247 -0.488303 0 
0.767689 -0.301741 0.628433 0.838281 0.0388104 0.311358 0.335713 -0.631603 0.16097 -0.344374 0.362311 0.277819 -0.66684 -1.13025 -0.0766656 -0.403 0.984333 1.25929 2 
-0.203837 -0.625897 -1.02011 -1.31276 -1.2289 -0.340644 -0.897556 1.16061 -0.996375 -0.344374 -0.911784 -0.933323 -0.421038 1.14036 0.126654 0.716665 -1.1247 -1.56375 0 
-0.568159 -1.11213 -0.00562104 -0.386617 -0.341502 -0.12331 -0.47644 0.264505 -0.610593 -1.30885 -0.306588 -0.503198 -1.15844 -0.328861 -1.09327 -1.29873 -0.313537 -0.488303 2 
-0.203837 -1.27421 -0.449459 0.449899 1.05298 -0.557978 -0.44636 0.136489 -0.610593 -1.17107 -0.147327 -0.435283 -1.4657 -0.195296 -1.29659 -0.962833 1.47103 0.856 1 
-1.2968 -0.463819 -0.70308 -0.506119 0.292352 -0.340644 -0.596759 0.520535 -0.610593 -0.413265 -0.529555 -0.616389 -0.513214 0.2054 -0.889946 -1.18677 -0.800238 -0.757164 1 
-0.0823959 0.346571 0.0577843 -0.117737 -0.214731 -0.340644 -0.0553239 -0.119542 -0.224811 -0.0688097 0.266754 -0.129668 0.807973 0.0718348 1.14325 -0.962833 -0.313537 -0.488303 3 
1.49633 1.31904 1.00887 0.688903 -0.468273 0.528691 1.44866 -1.27168 1.31832 1.24012 1.25418 1.43237 0.50072 -0.195296 0.939935 1.2765 -0.151303 0.318279 3 
1.73921 0.670727 1.32589 0.927908 0.0388104 0.311358 1.11779 -1.14366 0.932534 0.48232 1.22233 1.10411 1.23813 -0.0617305 -0.0766656 0.380766 0.0109306 0.318279 2 
0.281926 0.508649 0.0577843 0.24077 -0.341502 -0.12331 0.064995 -0.247557 0.16097 0.275646 0.203049 -0.0108174 0.654347 -0.729557 1.75322 -1.4107 0.984333 0.72157 3 
-0.0823959 -0.301741 -0.259243 -0.207363 0.292352 -0.12331 -0.957716 0.904582 -0.996375 -0.206592 -1.03919 -0.899366 -0.482489 -1.26382 2.15986 -0.0671005 2.2822 1.93144 0 
0.646248 1.15696 1.3893 0.24077 -0.848585 0.311358 1.2381 -1.14366 1.31832 1.24012 0.967506 1.22862 1.23813 0.0718348 -0.686626 -1.18677 -0.313537 -0.219442 3 
1.9821 1.48112 1.26249 0.957783 0.292352 0.528691 1.32834 -1.27168 1.31832 1.58458 1.06306 1.29654 1.42248 0.0718348 2.15986 0.380766 -0.151303 0.318279 2 
-1.41824 -0.301741 -0.766486 2.42169 5.48996 10.0914 -0.897556 0.904582 -0.996375 -0.206592 1.34973 -0.85409 -0.0830599 3.54453 -0.483306 -0.403 0.173164 0.452709 0 
-0.203837 -1.59837 -1.52735 -0.984128 -0.468273 -0.557978 -1.40891 1.80069 -1.38216 -1.10218 -1.48513 -1.23328 -1.80368 -1.13025 -0.0766656 0.492732 1.3088 0.990431 0 
0.0390448 0.670727 -0.00562104 -0.954252 -0.721814 0.311358 -0.295962 0.264505 -0.224811 0.826775 -0.402146 -0.412645 0.347094 0.472531 0.736615 -0.626933 -0.962471 -0.488303 0 
0.160485 -0.463819 0.882054 0.838281 0.419123 0.0940239 0.275553 -0.503588 0.16097 -0.482157 0.330459 0.192926 -0.789741 -0.729557 -1.09327 1.83633 0.659865 0.58714 3 
1.01057 1.48112 1.00887 0.957783 -0.0879604 -0.557978 1.6893 -1.52771 1.7041 1.17123 1.82752 1.84551 1.72973 0.873227 0.533295 0.156833 -0.151303 -1.16045 1 
0.767689 1.48112 1.26249 1.10716 0.419123 0.311358 0.877148 -1.01565 0.932534 1.10234 1.12677 0.832455 2.00626 -0.0617305 -0.483306 -0.179067 -0.313537 0.0494182 2 
1.37489 0.0224151 1.13568 0.77853 -0.0879604 0.311358 0.877148 -1.01565 0.932534 0.0689726 0.808245 0.826795 0.347094 -0.729557 0.329975 -0.850866 0.497632 0.58714 2 
1.61777 1.31904 1.64292 1.25654 0.165581 0.528691 1.50882 -1.27168 1.7041 1.3779 1.25418 1.49462 0.715797 -0.462426 0.736615 0.940598 0.173164 0.990431 2 
0.0390448 -0.139663 -0.766486 0.50965 1.30652 -0.12331 -0.47644 0.136489 -0.610593 -0.275483 -0.561407 -0.446602 0.101292 -0.729557 0.126654 -1.18677 1.63327 1.39372 1 
0.767689 1.15696 1.70632 1.6748 0.799435 0.311358 1.59906 -1.3997 1.7041 1.17123 1.66826 1.64743 0.992325 0.0718348 0.126654 1.72436 -0.151303 0.452709 3 
0.403367 -0.625897 0.374811 0.449899 -0.341502 0.0940239 0.185314 -0.375572 0.16097 -0.551048 0.107492 0.108033 -0.851192 -1.26382 -1.09327 -0.850866 1.14657 1.25929 2 
0.281926 0.184493 -0.512864 0.987659 1.56006 -0.775311 -0.175643 -0.247557 -0.224811 0.0689726 -0.115474 -0.180604 0.50072 -0.328861 0.126654 -0.514967 1.14657 0.58714 1 
1.25345 1.15696 1.76973 0.0913924 -1.10213 0.311358 1.50882 -1.3997 1.7041 1.24012 1.47714 1.53424 1.3303 0.2054 0.736615 1.72436 -0.151303 0.318279 3 
1.25345 1.31904 1.19908 0.898032 0.419123 0.528691 1.32834 -1.27168 1.31832 1.3779 0.871949 1.28522 1.42248 -0.0617305 1.14325 -0.0671005 -0.313537 0.318279 2 
-0.325277 -1.11213 -0.386053 0.0913924 -0.0879604 -0.12331 -0.0553239 -0.119542 -0.224811 -0.964395 0.234902 -0.140987 -0.912642 -0.195296 -1.29659 1.72436 0.0109306 0.318279 3 
1.37489 1.48112 1.64292 1.94368 1.05298 0.746025 1.3885 -1.27168 1.31832 1.3779 1.19047 1.39841 1.63756 -0.595992 -0.483306 1.05256 0.0109306 0.72157 2 
0.0390448 0.0224151 0.184595 -0.177488 0.799435 0.311358 -0.356121 0.39252 -0.224811 0.551211 -0.59326 -0.469241 0.0398412 0.0718348 2.15986 -0.179067 -0.313537 -0.0850121 0 
1.37489 0.184493 1.13568 0.77853 -0.0879604 0.0940239 0.726749 -0.887634 0.546752 0.137864 0.585278 0.662669 -0.421038 -0.996688 -0.279986 -0.403 0.822099 0.856 3 
0.0390448 0.0224151 0.184595 -0.267114 0.165581 0.311358 -0.326042 0.264505 -0.224811 0.620102 -0.46585 -0.412645 -0.390313 -0.595992 -1.09327 -0.7389 0.0109306 0.452709 0 
-0.325277 -1.27421 -0.386053 -0.924376 -0.848585 -0.12331 -1.10811 1.28863 -0.996375 -0.895504 -1.00734 -1.04085 -1.55787 -0.462426 -1.29659 -0.0671005 0.335398 -0.488303 0 
1.01057 0.508649 1.4527 1.34617 0.292352 0.311358 0.967387 -1.01565 0.932534 0.275646 0.808245 0.906029 0.101292 -1.13025 -1.29659 1.38846 0.497632 1.12486 2 
0.281926 -0.139663 -0.893296 0.629152 1.05298 -0.340644 -0.416281 0.00847383 -0.610593 -0.206592 -0.306588 -0.384347 -0.267412 -0.729557 -0.279986 -0.626933 2.11997 1.39372 1 
-1.05392 -1.43629 -0.639675 -1.25301 -0.721814 -0.340644 -1.25851 1.67267 -0.996375 -1.58442 -1.42142 -1.17102 -1.5886 -0.328861 -0.686626 1.9483 -0.800238 -0.219442 3 
1.13201 0.508649 0.882054 1.88393 1.17975 0.311358 1.08771 -1.14366 0.932534 0.344537 1.19047 1.09279 0.685072 -0.195296 -0.889946 0.268799 -0.151303 0.0494182 3 
0.889129 1.6432 1.57951 0.927908 -0.0879604 0.528691 1.6893 -1.3997 1.7041 2.06682 1.25418 1.64177 0.900149 0.2054 0.329975 2.50813 -0.313537 0.72157 3 
1.13201 1.15696 1.32589 0.0316412 -1.2289 -0.340644 2.02018 -1.65573 2.08988 0.826775 2.08234 2.12849 2.31351 1.27392 -0.686626 1.16453 -0.962471 -1.56375 1 
-1.05392 0.0224151 -0.576269 -0.0579854 0.926206 -0.12331 -0.777237 0.648551 -0.996375 8.14316e-05 -0.497703 -0.752218 0.0398412 -0.195296 -0.889946 -1.4107 0.173164 0.452709 0 
2.46786 1.96735 1.26249 0.360272 -1.2289 -0.557978 2.65185 -1.91176 2.86144 1.4468 3.13347 2.98874 2.65149 1.67462 -0.889946 0.940598 -1.1247 -1.56375 1 
-0.689599 -0.787975 -1.71757 -1.64139 -1.10213 -0.340644 -1.10811 1.54466 -0.996375 -0.619939 -1.48513 -1.08047 -0.513214 1.94175 -1.29659 -0.626933 -2.09811 -1.69818 0 
-0.932481 -1.27421 -0.322648 -0.745123 -0.975356 -0.340644 -0.44636 0.264505 -0.610593 -1.44663 -0.306588 -0.497538 -0.912642 -0.195296 1.5499 0.044866 -0.47577 -0.622733 3 
1.01057 0.994884 1.3893 1.43579 0.672665 0.311358 1.05763 -1.14366 0.932534 0.964558 0.999359 1.02488 0.623621 -0.595992 -0.686626 0.716665 -0.151303 0.183849 2 
1.37489 0.994884 0.691838 -0.267114 -1.35567 -0.340644 1.44866 -1.3997 1.31832 1.17123 1.63641 1.48896 1.02305 1.14036 0.533295 1.38846 -0.151303 -1.02602 1 
0.767689 0.832805 1.00887 1.04741 0.165581 -0.557978 1.47874 -1.3997 1.31832 0.551211 1.38159 1.57952 1.17668 0.606096 0.329975 -0.626933 0.0109306 -0.891594 1 
0.281926 -0.139663 0.184595 -0.087861 0.545894 0.311358 -0.416281 0.264505 -0.610593 0.137864 -0.688817 -0.48056 -0.482489 -0.729557 -0.686626 -0.291034 0.497632 0.856 0 
1.86065 1.15696 1.3893 0.898032 -0.214731 0.746025 1.3885 -1.27168 1.31832 0.964558 0.999359 1.42105 1.14595 -0.729557 0.939935 -0.626933 0.0109306 0.452709 2 
-0.81104 -0.950053 -0.512864 -0.117737 0.545894 -0.557978 -0.717078 0.520535 -0.610593 -0.964395 -0.497703 -0.689963 -1.09699 -0.328861 -0.686626 0.940598 0.984333 0.58714 1 
-0.446718 -0.625897 -0.259243 -0.715248 -0.848585 -0.340644 -0.927636 0.904582 -0.996375 -0.68883 -0.879931 -0.882387 -0.513214 -0.729557 -1.29659 -1.29873 0.497632 0.183849 3 
0.524807 0.508649 1.19908 1.01753 0.419123 0.0940239 0.847068 -1.01565 0.932534 0.275646 0.871949 0.815476 -0.0216094 -0.595992 -0.889946 -0.850866 0.0109306 0.183849 2 
0.281926 0.184493 0.374811 0.151143 0.799435 0.311358 -0.416281 0.264505 -0.610593 8.14316e-05 -0.497703 -0.486219 0.224193 -0.462426 1.5499 0.268799 0.822099 0.856 0 
-1.05392 -0.301741 -0.829891 -0.83475 0.0388104 -0.340644 -0.50652 0.39252 -0.610593 -0.206592 -0.338441 -0.559793 0.132017 1.54105 -1.09327 -0.962833 -1.28694 -1.56375 1 
-0.325277 -0.463819 -1.02011 -0.804874 -0.468273 0.0940239 -1.04796 1.16061 -0.996375 -0.413265 -0.816226 -0.97294 -0.328862 -0.462426 -0.0766656 -0.850866 0.335398 0.183849 0 
-1.66112 -0.301741 -0.893296 -1.37251 -1.10213 -0.340644 -0.566679 0.648551 -0.610593 -0.0688097 -0.625112 -0.639027 0.0398412 1.14036 0.126654 0.156833 -1.61141 -1.56375 1 
-0.0823959 0.184493 0.184595 0.00176569 0.545894 0.0940239 -0.5366 0.39252 -0.610593 -0.0688097 -0.625112 -0.571112 0.132017 -0.729557 -1.29659 -0.962833 0.984333 1.12486 0 
-0.0823959 0.994884 0.501622 1.19679 0.926206 -0.12331 0.425952 -0.631603 0.546752 0.551211 0.712687 0.374032 1.69901 -0.328861 -0.0766656 -1.29873 0.0109306 0.0494182 2 
0.281926 -0.787975 -0.259243 0.0316412 -0.468273 -0.340644 0.155234 -0.375572 0.16097 -0.619939 0.266754 0.0853949 -0.451763 -0.595992 -0.686626 1.83633 0.335398 0.58714 2 
-1.05392 -1.43629 -1.97119 -1.61151 -0.721814 -0.775311 -1.49915 2.05672 -1.38216 -1.65331 -1.58068 -1.31817 -1.4657 1.14036 1.34658 -0.850866 -1.28694 -1.56375 0 
-0.932481 0.184493 -0.576269 -1.31276 -0.595044 -0.557978 -0.5366 0.520535 -0.610593 -0.0688097 -0.59326 -0.59941 0.408545 1.27392 0.533295 -0.179067 -1.44917 -1.56375 1 
2.71074 1.31904 1.76973 1.85405 0.672665 0.746025 1.44866 -1.27168 1.31832 1.17123 1.34973 1.42671 1.4532 -0.729557 1.95654 1.72436 0.497632 1.39372 2 
-0.568159 0.184493 -0.322648 -1.31276 -1.2289 0.311358 -0.386201 0.39252 -0.224811 0.826775 -0.561407 -0.503198 0.0705665 0.739661 0.126654 0.492732 -0.962471 -0.622733 0 
-0.568159 0.508649 0.184595 0.599277 0.292352 -0.12331 0.00483551 -0.247557 -0.224811 0.344537 -0.0199171 -0.0730724 0.469995 -1.13025 1.95654 -0.850866 0.984333 0.72157 2 
-1.2968 -0.625897 -0.766486 -0.416492 0.419123 -0.340644 -0.747158 0.648551 -0.610593 -0.482157 -0.656965 -0.740899 -0.851192 -0.195296 -0.483306 -0.0671005 -0.151303 -0.0850121 1 
-0.689599 -0.301741 0.12119 -0.984128 -0.848585 0.528691 -0.44636 0.39252 -0.610593 0.137864 -0.46585 -0.508857 -0.328862 0.0718348 -0.0766656 -1.18677 -0.638004 0.0494182 0 
0.281926 0.346571 1.32589 1.37604 0.926206 0.311358 0.937307 -1.01565 0.932534 -0.0688097 0.999359 0.89471 0.777248 0.0718348 -0.0766656 -0.7389 -0.313537 -0.219442 3 
-0.689599 -1.27421 -1.59076 -1.10363 0.0388104 -0.557978 -1.01788 1.16061 -0.996375 -1.58442 -1.19845 -0.989919 -0.943368 1.40749 1.95654 0.380766 -1.44917 -1.56375 2 
0.524807 -1.11213 -1.02011 -1.16338 -0.848585 -0.340644 -1.16827 1.28863 -0.996375 -0.68883 -0.911784 -1.06915 -1.5886 -0.462426 -0.686626 -0.0671005 0.335398 -0.219442 0 
-0.568159 0.0224151 -0.0690264 2.30218 5.10964 7.48337 -0.416281 0.39252 -0.224811 0.826775 0.362311 -0.525836 0.0705665 2.34245 0.533295 0.492732 -0.962471 -0.488303 0 
-0.81104 -0.463819 -0.386053 -0.29699 0.419123 -0.775311 -0.416281 0.136489 -0.610593 -0.68883 -0.147327 -0.440943 -0.543939 0.472531 -0.0766656 -0.0671005 0.0109306 -0.353873 1 
-0.0823959 -1.43629 -1.21032 -0.894501 -0.595044 -0.12331 -1.10811 1.16061 -0.996375 -0.826612 -0.975488 -1.01822 -1.65005 -0.729557 -0.686626 1.6124 0.659865 0.72157 0 
1.86065 1.6432 1.26249 0.00176569 -1.35567 -0.557978 2.17058 -1.78374 2.08988 1.17123 2.43272 2.43411 2.22134 1.54105 0.736615 -0.179067 -0.800238 -1.69818 1 
-0.446718 -1.11213 -0.449459 -0.147612 0.292352 -0.340644 -0.5366 0.264505 -0.610593 -1.17107 -0.656965 -0.537155 -1.09699 -0.863122 -1.29659 -1.4107 0.984333 1.12486 1 
0.524807 1.15696 0.248 1.13704 0.926206 -0.775311 0.696669 -1.01565 0.546752 0.895666 0.74454 0.736243 1.42248 0.338965 -0.483306 -0.7389 0.822099 -0.0850121 1 
-1.41824 -1.27421 -1.02011 -1.28288 -0.975356 -0.340644 -1.10811 1.41664 -0.996375 -1.44663 -1.29401 -1.06349 -1.00482 -0.0617305 2.15986 -0.626933 -0.962471 -1.16045 2 
-0.325277 -0.787975 1.00887 0.688903 0.292352 0.0940239 0.245473 -0.375572 0.16097 -0.895504 0.171197 0.14199 -0.298137 -0.863122 0.533295 2.50813 0.984333 1.25929 2 
0.524807 -0.787975 -0.322648 0.0615168 -0.0879604 -0.557978 0.0950747 -0.503588 0.16097 -0.619939 0.266754 0.096714 -1.03554 -0.0617305 -0.483306 0.492732 1.63327 0.72157 1 
1.49633 1.31904 1.00887 0.718779 -0.214731 0.311358 1.3885 -1.27168 1.31832 1.4468 1.12677 1.36445 1.3303 0.0718348 0.329975 0.940598 -0.151303 0.183849 2 
-0.0823959 -0.301741 -0.259243 -0.087861 -0.341502 -0.340644 -0.5366 0.39252 -0.610593 -0.482157 -0.211031 -0.554134 -0.0216094 -0.595992 1.75322 -1.18677 0.659865 0.183849 3 
0.0390448 -1.27421 -0.639675 0.718779 1.30652 -0.557978 -0.326042 0.00847383 -0.610593 -1.03329 -0.147327 -0.310773 -1.4657 -0.328861 -1.29659 0.156833 1.7955 1.12486 1 
-0.568159 -1.43629 -0.893296 -0.595745 -0.214731 -0.12331 -1.07803 1.16061 -0.996375 -0.964395 -1.13475 -0.989919 -1.7115 -1.39738 -0.0766656 0.604699 1.95773 1.79701 0 
-1.05392 0.0224151 -0.766486 -1.16338 -0.468273 -0.12331 -0.5366 0.520535 -0.610593 -0.137701 -0.561407 -0.59941 0.377819 0.873227 -0.889946 -0.850866 -1.28694 -1.29489 1 
-0.932481 0.0224151 -0.576269 -0.506119 0.165581 -0.557978 -0.596759 0.39252 -0.610593 -0.206592 -0.59326 -0.593751 0.0398412 -0.195296 -0.0766656 -1.29873 0.0109306 0.0494182 1 
1.49633 0.508649 1.57951 0.987659 -0.0879604 0.311358 1.14787 -1.14366 1.31832 0.344537 1.22233 1.10411 0.777248 -0.328861 -0.279986 1.72436 0.173164 0.990431 2 
1.61777 1.15696 1.32589 0.50965 -0.595044 0.528691 1.35842 -1.27168 1.31832 0.964558 0.903802 1.33615 0.43927 -0.863122 -0.0766656 -0.850866 0.0109306 0.318279 3 
1.86065 0.994884 1.13568 0.838281 -0.341502 0.311358 0.696669 -0.887634 0.546752 0.895666 0.680835 0.64003 0.623621 -1.13025 1.5499 -1.0748 1.14657 0.856 3 
1.86065 0.508649 1.57951 1.37604 0.0388104 0.311358 1.08771 -1.14366 0.932534 0.688993 1.06306 1.04186 -0.205961 -0.996688 0.533295 2.17223 0.984333 1.39372 3 
-0.446718 0.832805 0.501622 0.569401 -0.0879604 0.311358 0.365792 -0.631603 0.16097 0.688993 0.712687 0.294798 1.39175 -0.462426 -0.0766656 0.716665 0.335398 0.452709 2 
-0.0823959 0.0224151 0.0577843 -0.804874 -0.721814 0.311358 -0.356121 0.264505 -0.224811 0.48232 -0.274736 -0.429624 0.408545 0.338965 -1.09327 0.940598 -0.800238 0.183849 0 
-1.41824 -0.625897 -0.766486 -0.416492 0.292352 -0.340644 -0.626839 0.520535 -0.610593 -0.68883 -0.529555 -0.633367 -0.697566 -0.0617305 -0.279986 0.492732 -0.313537 -0.0850121 1 
0.281926 1.15696 1.3893 1.58517 0.672665 0.0940239 0.877148 -1.01565 0.932534 1.03345 0.903802 0.843774 1.57611 -0.729557 1.14325 0.828632 0.497632 0.72157 3 
-0.446718 -0.463819 -1.21032 -1.28288 -0.848585 -0.340644 -0.50652 0.520535 -0.610593 -0.413265 -0.497703 -0.588091 -0.0523347 1.14036 -1.29659 0.268799 -1.44917 -1.56375 1 
-0.0823959 -0.787975 -1.27373 -1.55176 -1.60921 -0.340644 -1.13819 1.41664 -0.996375 -0.206592 -0.911784 -1.08047 -0.574664 0.739661 0.329975 -0.7389 -0.800238 -1.56375 0 
-0.325277 -0.625897 -1.02011 -1.13351 -0.721814 0.0940239 -1.28859 1.54466 -0.996375 -0.275483 -0.943636 -1.14839 -0.60539 -0.0617305 -0.686626 -0.291034 0.335398 -0.219442 0 
0.160485 0.0224151 1.4527 1.16691 0.292352 0.311358 0.546271 -0.631603 0.546752 0.137864 0.426016 0.453265 -0.513214 -1.13025 0.126654 2.17223 1.47103 2.06587 2 
-0.568159 -1.27421 -1.97119 -1.73102 -0.975356 -0.775311 -1.46907 1.9287 -1.38216 -1.44663 -1.61254 -1.28422 -0.851192 1.27392 0.126654 -0.962833 -1.28694 -1.69818 0 
1.01057 0.994884 0.628433 0.748655 -0.214731 -0.557978 1.5389 -1.3997 1.7041 0.964558 1.85937 1.64743 1.05378 1.00679 0.126654 -0.626933 -0.151303 -1.29489 1 
1.37489 1.48112 1.13568 1.52542 0.926206 0.311358 1.56898 -1.3997 1.7041 1.51569 1.38159 1.57386 0.838698 0.0718348 -1.29659 0.044866 -0.313537 0.452709 2 
2.34642 1.96735 1.70632 0.748655 -0.721814 -0.557978 2.74209 -1.91176 2.86144 1.86014 3.16532 3.06798 2.65149 1.67462 0.939935 0.940598 -1.1247 -1.69818 1 
-0.81104 -0.301741 -1.08351 -1.25301 -0.721814 -0.12331 -0.596759 0.648551 -0.610593 -0.344374 -0.625112 -0.667325 -0.113785 1.67462 -0.0766656 -1.0748 -1.44917 -1.83261 1 
0.524807 0.994884 0.882054 1.01753 0.545894 0.311358 0.57635 -0.759619 0.546752 0.620102 0.585278 0.52684 1.72973 -0.595992 0.736615 -1.29873 0.335398 0.452709 2 
0.0390448 -1.11213 0.374811 0.300521 -0.214731 -0.340644 0.0349152 -0.247557 0.16097 -1.17107 -0.0199171 -0.027796 -0.943368 -0.863122 -0.889946 1.72436 0.984333 1.12486 2 
-1.41824 -0.139663 -1.21032 -1.37251 -0.975356 -0.340644 -0.5366 0.520535 -0.610593 -0.0688097 -0.720669 -0.627708 0.316369 1.14036 -0.686626 -0.962833 -1.61141 -1.83261 1 
1.49633 0.670727 0.882054 0.957783 -0.0879604 0.311358 0.365792 -0.631603 0.16097 0.688993 0.266754 0.306117 0.162742 -1.39738 2.5665 0.268799 2.11997 1.79701 3 
-0.568159 -0.139663 -0.00562104 -0.984128 -0.975356 -0.557978 -0.596759 0.520535 -0.610593 -0.275483 -0.59326 -0.610729 -0.205961 -0.595992 0.736615 0.156833 -0.151303 -0.353873 3 
-0.0823959 -0.301741 0.374811 0.0316412 0.545894 0.0940239 -0.566679 0.520535 -0.610593 -0.0688097 -0.784374 -0.59941 -0.974093 -0.996688 -0.889946 0.492732 1.14657 1.39372 0 
-0.568159 -1.11213 -0.132432 0.00176569 -0.341502 -0.340644 -0.235802 0.00847383 -0.224811 -1.17107 -0.0836219 -0.288135 -1.15844 -0.595992 -0.279986 0.268799 0.497632 0.183849 2 
0.524807 -0.139663 -0.259243 -0.267114 0.165581 -0.12331 -0.807317 0.776566 -0.996375 8.14316e-05 -0.911784 -0.791835 -0.113785 -1.26382 2.5665 -1.18677 1.95773 1.52815 0 
1.25345 1.15696 0.882054 0.569401 -0.341502 0.0940239 0.57635 -0.759619 0.546752 0.895666 0.553426 0.509861 0.930874 -0.729557 0.939935 -0.514967 0.659865 0.58714 3 
0.646248 1.96735 1.70632 1.52542 0.545894 0.528691 1.56898 -1.3997 1.7041 1.92903 1.44529 1.61347 1.88336 -0.328861 0.736615 1.38846 -0.151303 0.58714 3 
-0.932481 -0.463819 -1.08351 -1.31276 -0.975356 -0.340644 -0.566679 0.520535 -0.610593 -0.551048 -0.561407 -0.639027 -0.0830599 1.67462 -0.889946 -0.514967 -1.44917 -1.83261 1 
1.61777 1.96735 1.26249 0.449899 -0.848585 -0.340644 1.96002 -1.65573 2.08988 1.58458 1.73196 2.16245 1.66828 0.606096 0.126654 -0.179067 -0.313537 -1.16045 1 
1.86065 1.48112 1.32589 1.07729 0.165581 0.528691 1.59906 -1.3997 1.7041 1.86014 1.28603 1.58517 1.17668 -0.195296 -0.0766656 0.156833 -0.313537 0.58714 2 
-0.568159 -0.139663 -0.386053 -1.31276 -0.975356 0.311358 -0.386201 0.39252 -0.224811 0.206755 -0.816226 -0.497538 0.0398412 0.472531 1.14325 -0.0671005 -0.800238 -0.353873 0 
0.646248 0.994884 0.374811 0.569401 0.0388104 -0.775311 1.02755 -1.14366 0.932534 0.688993 1.06306 1.04752 1.36103 0.606096 0.329975 1.50043 0.335398 -0.757164 1 
0.403367 0.0224151 0.565027 -0.237239 0.165581 0.311358 -0.5366 0.520535 -0.610593 8.14316e-05 -0.720669 -0.59941 -0.113785 -0.996688 2.36318 0.828632 1.3088 1.25929 0 
-0.81104 -0.625897 -0.576269 -0.326865 0.292352 -0.340644 -0.5366 0.39252 -0.610593 -0.68883 -0.433998 -0.559793 -0.697566 0.0718348 -0.686626 -0.514967 0.173164 -0.219442 1 
-0.568159 -0.787975 -0.639675 -0.416492 0.165581 -0.340644 -0.686998 0.520535 -0.610593 -0.895504 -0.433998 -0.672984 -0.912642 -0.0617305 -0.483306 -0.291034 0.497632 0.0494182 1 
-0.932481 -0.787975 -0.449459 -0.685372 0.0388104 -0.557978 -0.867477 0.904582 -0.996375 -0.895504 -0.975488 -0.84843 -0.390313 -0.0617305 -0.686626 0.940598 -0.962471 -0.757164 3 
-1.2968 -1.27421 -1.78097 -1.13351 -0.0879604 -0.992645 -1.01788 1.16061 -0.996375 -1.44663 -1.1666 -0.955962 -1.03554 1.67462 -0.686626 -0.7389 -1.44917 -1.69818 2 
1.01057 1.48112 1.19908 0.629152 -0.468273 0.311358 1.59906 -1.3997 1.7041 1.58458 1.12677 1.63045 0.869424 -0.195296 1.34658 -0.7389 0.0109306 0.318279 3 
0.646248 1.6432 1.19908 1.49554 0.799435 0.311358 1.65922 -1.3997 1.7041 2.06682 1.25418 1.68139 1.17668 0.2054 0.939935 0.828632 -0.313537 0.0494182 3 
0.889129 1.48112 1.51611 0.569401 -0.595044 -0.340644 2.02018 -1.65573 2.08988 1.10234 2.14604 2.2247 2.40569 1.14036 -0.0766656 0.156833 -0.638004 -1.42932 1 
2.83218 1.15696 1.76973 1.76442 0.419123 0.746025 1.29826 -1.27168 1.31832 1.03345 1.25418 1.29088 1.39175 -0.863122 2.97314 1.38846 0.822099 1.25929 2 
-0.689599 -0.139663 -0.322648 -0.0579854 -0.341502 -0.557978 -0.5366 0.39252 -0.610593 -0.206592 -0.433998 -0.548474 0.0705665 -1.13025 0.533295 -0.0671005 2.11997 1.66258 3 
0.160485 -0.139663 0.12119 -0.326865 0.0388104 0.311358 -0.717078 0.648551 -0.610593 8.14316e-05 -0.816226 -0.72392 -0.267412 -1.13025 0.736615 -0.7389 1.63327 1.39372 0 
-0.568159 -0.787975 -0.829891 -0.655496 -0.468273 -0.557978 -1.10811 1.16061 -0.996375 -0.757721 -1.07105 -1.01822 -0.728291 -1.53095 1.95654 -0.7389 2.2822 1.79701 3 
0.403367 0.184493 1.19908 1.22666 0.545894 -0.12331 0.696669 -0.759619 0.546752 0.206755 0.61713 0.600414 -0.175236 -0.863122 -1.09327 2.17223 0.335398 0.58714 3 
-0.689599 -1.11213 -1.52735 -0.954252 -0.214731 -0.775311 -0.626839 0.648551 -0.610593 -1.17107 -0.816226 -0.684303 -0.543939 1.80818 1.14325 -1.4107 -1.44917 -1.69818 2 
-0.325277 0.184493 -0.259243 -0.625621 -0.0879604 0.0940239 -0.656919 0.520535 -0.610593 0.275646 -0.656965 -0.661665 0.746523 -0.328861 1.34658 -0.179067 0.0109306 0.58714 0 
-1.53968 0.346571 -0.829891 -0.685372 0.292352 -0.557978 -0.5366 0.39252 -0.610593 -0.0688097 -0.561407 -0.565453 0.623621 0.338965 -0.279986 -1.4107 -0.962471 -1.02602 1 
0.524807 0.832805 0.501622 0.688903 0.165581 0.0940239 0.245473 -0.503588 0.16097 0.48232 0.203049 0.181607 0.685072 -0.996688 0.736615 -1.29873 0.659865 0.72157 2 
-0.0823959 -0.463819 0.374811 0.569401 0.0388104 0.311358 0.425952 -0.631603 0.16097 -0.482157 0.61713 0.362713 -0.205961 -0.328861 -0.686626 -0.0671005 0.0109306 0.183849 3 
-0.325277 0.0224151 -0.386053 0.0615168 0.926206 -0.340644 -0.566679 0.39252 -0.610593 -0.275483 -0.59326 -0.565453 0.132017 -0.462426 1.14325 -1.29873 0.984333 0.72157 1 
1.86065 0.670727 1.70632 0.718779 -0.341502 0.311358 1.14787 -1.14366 1.31832 0.551211 1.15862 1.10411 1.17668 -0.328861 1.34658 2.06026 0.335398 0.856 2 
-0.81104 0.0224151 -0.00562104 -0.147612 -0.214731 -0.12331 -0.386201 0.136489 -0.610593 -0.275483 -0.242884 -0.418305 -0.0216094 -0.328861 -0.889946 -1.18677 0.173164 0.0494182 3 
0.767689 0.670727 0.882054 1.10716 0.165581 0.0940239 0.516191 -0.759619 0.546752 0.551211 0.426016 0.447606 0.0398412 -1.39738 -0.686626 -0.850866 1.3088 1.25929 3 
1.73921 1.15696 1.70632 0.390148 -0.848585 0.746025 1.41858 -1.27168 1.31832 1.58458 1.28603 1.39841 1.2074 -0.0617305 0.736615 1.72436 0.0109306 0.72157 2 
0.889129 0.184493 1.4527 0.77853 -0.0879604 0.311358 0.877148 -0.887634 0.932534 0.137864 0.776392 0.781519 0.623621 -0.863122 0.126654 2.84403 0.497632 1.25929 2 
0.160485 0.346571 -0.0690264 0.210895 -0.341502 -0.340644 -0.0252442 -0.247557 -0.224811 0.275646 0.234902 -0.0843915 0.316369 -0.729557 -0.483306 -0.962833 0.335398 0.318279 2 
-0.568159 0.346571 0.184595 -0.655496 -0.468273 0.311358 -0.47644 0.39252 -0.610593 0.206755 -0.433998 -0.514517 0.347094 0.2054 1.34658 -0.626933 -0.47577 0.183849 0 
-0.81104 0.0224151 -0.322648 -0.476243 -0.341502 -0.340644 -0.44636 0.39252 -0.610593 -0.206592 -0.242884 -0.508857 -0.0830599 0.338965 1.75322 0.156833 -0.800238 -0.891594 3 
1.73921 1.48112 1.4527 1.01753 0.0388104 0.528691 0.997467 -1.01565 0.932534 1.10234 0.871949 0.951305 1.85263 -0.595992 1.14325 -1.0748 0.173164 0.58714 2 
-0.446718 0.346571 0.184595 -0.595745 -0.214731 0.311358 -0.416281 0.264505 -0.610593 0.48232 -0.306588 -0.48056 0.347094 0.338965 -1.09327 -0.850866 -0.638004 0.0494182 0 
-1.41824 -1.27421 -1.46394 -1.04388 0.165581 -0.340644 -1.01788 1.28863 -0.996375 -1.37774 -1.19845 -0.995578 -0.974093 1.27392 0.939935 1.2765 -1.61141 -1.42932 2 
-1.17536 0.0224151 -0.893296 -0.625621 0.292352 -0.557978 -0.686998 0.648551 -0.610593 -0.413265 -0.656965 -0.695622 0.162742 0.338965 -0.279986 -1.29873 -0.962471 -1.16045 1 
-0.568159 0.346571 -0.0690264 -0.386617 -0.595044 -0.12331 -0.235802 0.00847383 -0.224811 0.0689726 -0.0517695 -0.293795 0.685072 -0.0617305 0.533295 0.268799 -0.313537 -0.353873 3 
0.281926 -0.625897 -0.322648 0.24077 0.292352 -0.775311 0.245473 -0.631603 0.16097 -0.964395 0.521573 0.255181 -0.820467 0.2054 -1.29659 -0.962833 1.14657 0.318279 1 
0.403367 0.0224151 -0.639675 0.539526 1.17975 -0.775311 -0.235802 -0.119542 -0.224811 -0.275483 -0.338441 -0.23154 0.347094 -0.328861 0.126654 -0.626933 1.14657 0.990431 1 
0.403367 0.346571 0.311406 -0.147612 0.292352 0.0940239 -0.386201 0.264505 -0.224811 0.0689726 -0.497703 -0.457922 0.224193 -0.595992 -1.09327 0.044866 0.497632 0.856 0 
0.281926 0.346571 -0.322648 1.04741 1.30652 -0.557978 -0.0553239 -0.375572 -0.224811 0.137864 -0.0199171 -0.0617533 0.224193 -0.462426 -0.0766656 0.380766 1.63327 0.990431 1 
-0.81104 -1.43629 -1.84438 -1.55176 -0.468273 -0.992645 -1.52923 2.05672 -1.38216 -1.58442 -1.61254 -1.32949 -1.12772 1.67462 0.533295 0.268799 -1.44917 -1.69818 0 
1.86065 1.15696 0.818649 0.599277 -0.468273 -0.992645 1.74946 -1.52771 1.7041 0.688993 2.33716 1.90211 1.29958 1.27392 -1.29659 0.716665 -0.313537 -1.29489 1 
-0.325277 -0.139663 -1.02011 -0.535994 0.165581 -0.340644 -0.957716 0.904582 -0.996375 -0.137701 -0.720669 -0.905026 -0.236686 -0.0617305 -1.09327 -0.403 -0.151303 -0.219442 0 
1.25345 1.6432 1.70632 1.82417 0.672665 0.746025 1.47874 -1.3997 1.31832 1.79125 1.31788 1.50594 1.57611 -0.729557 0.329975 1.05256 0.335398 0.856 3 
1.37489 0.832805 0.691838 0.121268 -0.975356 -0.992645 1.59906 -1.3997 1.7041 0.757884 2.08234 1.67007 0.9616 1.40749 -0.483306 -0.0671005 -0.47577 -1.56375 1 
1.61777 1.80527 1.4527 0.987659 -0.0879604 0.528691 1.56898 -1.3997 1.7041 2.13571 1.44529 1.61347 1.14595 -0.0617305 1.75322 -1.29873 0.0109306 0.0494182 3 
-1.41824 -0.787975 -0.576269 -0.83475 -0.595044 -0.12331 -0.47644 0.39252 -0.610593 -1.03329 -0.497703 -0.554134 -0.66684 0.338965 0.939935 -0.403 -1.28694 -1.16045 3 
0.403367 1.6432 1.3893 1.49554 1.17975 0.0940239 1.26818 -1.14366 1.31832 1.58458 1.06306 1.23428 1.48393 0.2054 -1.09327 1.2765 -0.47577 0.0494182 2 
0.889129 1.6432 1.19908 0.420023 -0.595044 0.963359 1.6893 -1.3997 1.7041 1.99792 1.15862 1.70403 0.900149 -0.195296 -0.279986 -0.291034 -0.47577 0.318279 3 
-0.568159 0.184493 -0.259243 -0.56587 0.165581 0.528691 -0.265882 0.264505 -0.224811 0.826775 -0.59326 -0.412645 0.0398412 0.0718348 -0.279986 -0.403 -0.638004 -0.219442 0 
0.0390448 0.0224151 0.438217 1.31629 1.17975 -0.775311 0.516191 -0.759619 0.546752 -0.206592 0.489721 0.52684 0.224193 -0.195296 -0.483306 0.044866 0.984333 0.318279 1 
-0.932481 -0.463819 -1.14692 -1.40239 -0.975356 -0.557978 -0.626839 0.648551 -0.610593 -0.344374 -0.59326 -0.684303 -0.113785 1.94175 -1.09327 -1.0748 -1.61141 -1.83261 1 
1.25345 1.6432 1.13568 0.957783 0.545894 0.311358 1.35842 -1.27168 1.31832 1.72236 1.12677 1.35879 1.42248 0.2054 -1.09327 -1.29873 -0.638004 -0.219442 2 
1.25345 1.48112 0.565027 1.19679 0.672665 0.528691 1.47874 -1.27168 1.31832 1.51569 1.09492 1.45501 0.654347 0.2054 -0.483306 0.940598 -0.313537 0.0494182 3 
0.0390448 0.184493 -0.195837 0.360272 0.0388104 -0.12331 -0.0553239 -0.119542 -0.224811 8.14316e-05 0.0437876 -0.124008 0.562171 -0.729557 1.14325 0.268799 0.335398 0.318279 3 
-0.932481 -1.11213 -0.386053 -0.774999 -0.341502 -0.12331 -0.807317 0.776566 -0.996375 -1.17107 -0.688817 -0.786175 -1.12772 -0.195296 -0.279986 -0.291034 0.0109306 0.0494182 0 
-0.446718 0.508649 -0.259243 -0.774999 -0.214731 0.528691 -0.235802 0.264505 -0.224811 0.757884 -0.529555 -0.373028 0.347094 0.338965 -0.889946 -1.18677 -0.800238 -0.353873 0 
-1.2968 0.184493 -0.70308 -0.386617 1.05298 -0.557978 -0.5366 0.39252 -0.610593 -0.0688097 -0.46585 -0.576772 0.715797 1.00679 -0.686626 -0.179067 -1.28694 -1.29489 1 
1.25345 1.96735 1.32589 1.58517 1.30652 0.746025 1.56898 -1.3997 1.7041 1.99792 1.09492 1.57386 1.3303 -0.0617305 0.939935 -0.0671005 -0.47577 -0.0850121 3 
-0.0823959 0.0224151 -0.0690264 0.24077 0.292352 -0.340644 -0.265882 0.00847383 -0.224811 -0.0688097 -0.274736 -0.322092 0.408545 -0.328861 0.939935 -0.179067 0.497632 0.452709 2 
-1.41824 -0.950053 0.248 -0.864625 -0.975356 -0.340644 -0.47644 0.520535 -0.610593 -0.964395 -0.46585 -0.576772 -1.09699 -0.195296 0.939935 0.604699 -0.962471 -0.891594 3 
1.01057 0.994884 1.64292 0.718779 -0.595044 0.311358 1.29826 -1.27168 1.31832 0.964558 0.967506 1.26258 0.285643 -0.863122 0.126654 0.940598 0.335398 0.72157 3 
1.73921 1.48112 1.70632 0.599277 -0.595044 0.528691 1.5389 -1.27168 1.7041 1.79125 1.28603 1.52292 1.2074 -0.328861 1.14325 1.16453 0.0109306 0.72157 2 
0.403367 0.0224151 -0.386053 0.181019 -0.214731 0.0940239 -0.356121 0.136489 -0.224811 0.0689726 -0.274736 -0.395666 -0.175236 -1.26382 1.95654 -0.0671005 1.47103 1.39372 2 
-1.05392 -0.301741 -1.02011 -1.16338 -0.595044 -0.557978 -0.5366 0.520535 -0.610593 -0.344374 -0.497703 -0.60507 -0.205961 1.80818 -0.483306 -0.403 -1.44917 -1.69818 1 
1.01057 1.48112 1.00887 0.24077 -0.721814 0.311358 1.50882 -1.27168 1.7041 1.58458 0.967506 1.50594 1.48393 -0.0617305 -0.279986 0.492732 -0.47577 0.0494182 3 
1.49633 1.48112 1.4527 -0.147612 -1.73598 -0.775311 2.35105 -1.78374 2.47566 1.17123 2.56012 2.55296 2.09843 1.54105 1.14325 -1.29873 -1.28694 -1.83261 1 
0.0390448 0.0224151 -0.639675 0.300521 0.926206 -0.557978 -0.386201 0.00847383 -0.610593 -0.275483 -0.242884 -0.378688 0.50072 -0.462426 -0.279986 -0.850866 0.659865 0.318279 1 
1.49633 1.6432 1.00887 1.64492 0.799435 0.528691 1.3885 -1.27168 1.31832 1.51569 1.06306 1.35313 1.2074 -0.595992 -0.889946 1.83633 0.0109306 0.72157 3 
0.0390448 -0.301741 -0.00562104 -0.984128 -0.975356 0.311358 -0.416281 0.264505 -0.610593 0.0689726 -0.402146 -0.457922 -0.421038 0.2054 -1.09327 -0.7389 -0.47577 0.183849 0 
-0.689599 -1.43629 -1.84438 -1.67127 -0.595044 -1.20998 -1.52923 2.05672 -1.38216 -1.37774 -1.64439 -1.33515 -1.18917 2.07531 0.126654 0.156833 -1.44917 -1.69818 0 
1.01057 1.48112 1.00887 -0.0579854 -1.10213 0.311358 1.44866 -1.27168 1.31832 1.79125 1.25418 1.42671 1.48393 -0.0617305 -1.29659 2.06026 -0.313537 0.318279 3 
0.889129 1.80527 1.13568 1.04741 0.0388104 0.746025 1.74946 -1.3997 1.7041 2.06682 1.34973 1.79458 0.900149 0.0718348 -1.29659 -0.179067 -0.47577 0.183849 3 
1.37489 1.48112 0.882054 0.479775 -0.595044 0.311358 1.50882 -1.3997 1.7041 1.51569 1.34973 1.50594 1.29958 0.338965 -0.279986 -0.0671005 -0.313537 -0.0850121 3 
-0.932481 -1.43629 -1.02011 -1.22313 -0.595044 -0.12331 -1.13819 1.41664 -0.996375 -1.44663 -1.29401 -1.06349 -1.09699 0.472531 -0.279986 1.6124 -0.962471 -1.16045 3 
-0.325277 -0.950053 -0.639675 -1.07375 -0.848585 -0.340644 -0.686998 0.648551 -0.610593 -1.10218 -0.59326 -0.712601 -0.789741 0.606096 0.533295 0.604699 -0.800238 -0.891594 2 
0.403367 0.184493 0.755243 1.19679 0.672665 0.311358 0.786909 -0.887634 0.546752 -0.0688097 1.12677 0.753221 0.592896 -0.328861 -1.29659 0.156833 -0.151303 0.183849 3 
2.5893 1.31904 1.13568 1.07729 0.292352 0.528691 1.5389 -1.3997 1.7041 1.24012 1.28603 1.52858 1.2074 -0.195296 2.97314 -0.179067 0.0109306 0.452709 2 
0.889129 0.994884 1.89654 0.957783 -0.341502 0.528691 1.35842 -1.14366 1.31832 0.964558 1.09492 1.28522 0.592896 -0.996688 -1.29659 2.6201 0.173164 1.39372 2 
-0.0823959 -1.59837 -0.259243 -0.207363 -0.214731 -0.12331 -0.566679 0.520535 -0.610593 -1.58442 -0.529555 -0.616389 -1.15844 -0.729557 -0.889946 2.2842 0.335398 0.318279 3 
0.160485 0.184493 0.628433 -0.29699 0.165581 0.528691 -0.265882 0.136489 -0.224811 0.620102 -0.402146 -0.384347 -0.113785 -0.328861 0.126654 0.940598 0.0109306 0.58714 0 
0.889129 1.6432 1.4527 0.390148 -0.341502 0.311358 1.3885 -1.27168 1.31832 1.99792 1.03121 1.34747 1.48393 0.2054 1.14325 1.50043 -0.47577 -0.0850121 3 
-0.932481 -0.301741 -0.766486 -1.28288 -0.721814 -0.557978 -0.626839 0.648551 -0.610593 -0.206592 -0.720669 -0.695622 -0.113785 1.80818 -0.0766656 -0.403 -1.61141 -1.83261 1 
-0.689599 -1.11213 -0.322648 -0.386617 -0.721814 -0.340644 -0.175643 0.00847383 -0.224811 -1.30885 -0.147327 -0.254178 -1.06627 -0.729557 -1.09327 -0.403 0.497632 0.318279 3 
1.13201 1.48112 1.57951 0.599277 -0.721814 0.528691 1.62914 -1.3997 1.7041 1.79125 1.15862 1.63611 0.777248 -0.328861 -1.29659 1.83633 -0.313537 0.72157 3 
0.160485 -1.27421 -0.70308 0.0615168 -0.0879604 0.0940239 -0.356121 0.264505 -0.224811 -0.964395 -0.338441 -0.423964 -1.52715 -1.26382 -0.279986 3.06796 1.14657 1.66258 2 
-0.568159 -1.11213 -0.512864 -0.924376 -0.341502 -0.340644 -0.987796 1.0326 -0.996375 -1.03329 -0.688817 -0.916345 -1.43497 -0.0617305 0.126654 -0.626933 0.0109306 -0.353873 0 
-2.14689 -1.11213 -1.52735 -1.31276 -0.468273 -0.775311 -1.07803 1.28863 -0.996375 -1.44663 -1.1666 -1.02388 -0.912642 1.94175 -1.29659 0.940598 -1.93587 -1.56375 3 
-0.203837 -0.463819 -0.449459 0.0913924 -0.214731 -0.12331 -0.656919 0.520535 -0.610593 -0.413265 -0.46585 -0.667325 -0.451763 -1.39738 3.17646 -0.291034 2.7689 2.06587 3 
1.61777 1.48112 1.64292 1.76442 0.799435 0.746025 1.47874 -1.27168 1.7041 1.51569 1.09492 1.47198 1.51465 -0.729557 1.34658 1.38846 0.173164 1.12486 2 
-1.05392 -0.787975 -0.449459 -0.954252 -0.721814 -0.340644 -0.50652 0.39252 -0.610593 -0.964395 -0.497703 -0.571112 -0.451763 0.472531 0.126654 0.380766 -1.1247 -1.16045 2 
-0.689599 -0.950053 -0.386053 -0.416492 0.0388104 -0.12331 -0.957716 0.904582 -0.996375 -0.757721 -1.03919 -0.899366 -1.55787 -1.26382 -0.686626 -0.7389 1.95773 1.79701 0 
-0.568159 -0.787975 0.438217 0.151143 -0.468273 -0.12331 0.245473 -0.503588 0.16097 -1.03329 0.426016 0.175948 -0.60539 -0.328861 0.126654 0.604699 0.0109306 0.0494182 2 
-0.0823959 -0.787975 -0.576269 -0.894501 -0.468273 -0.557978 -0.987796 1.0326 -0.996375 -0.68883 -0.720669 -0.933323 -1.15844 0.0718348 -1.29659 -1.4107 -0.313537 -1.02602 0 
-0.568159 -1.43629 -0.829891 -0.207363 0.165581 -0.557978 -0.867477 0.904582 -0.996375 -1.17107 -0.784374 -0.842771 -1.49642 -0.863122 -1.09327 2.84403 0.659865 1.12486 2 
-0.446718 -0.301741 -0.0690264 1.85405 4.47579 8.13538 -0.566679 0.520535 -0.610593 0.0689726 0.362311 -0.610729 -0.328862 2.47601 -0.279986 -0.403 -0.47577 0.0494182 0 
1.37489 1.15696 1.57951 1.13704 -0.214731 0.528691 1.47874 -1.27168 1.31832 1.30901 1.03121 1.47764 0.685072 -0.863122 -1.29659 0.828632 0.335398 0.990431 3 
-0.203837 0.0224151 -0.386053 -0.207363 -0.595044 -0.340644 -0.295962 0.00847383 -0.224811 -0.0688097 -0.147327 -0.333411 0.0705665 -0.462426 0.329975 -0.291034 0.173164 -0.0850121 2 
0.403367 -0.139663 0.818649 0.987659 0.545894 0.0940239 0.57635 -0.759619 0.546752 -0.275483 0.871949 0.487223 0.00911589 -0.0617305 1.75322 -0.179067 0.173164 0.183849 2 
1.86065 0.670727 1.32589 0.50965 -0.595044 0.528691 1.11779 -1.14366 0.932534 0.551211 0.74454 1.07582 0.347094 -0.996688 1.14325 0.940598 0.497632 0.72157 3 
0.160485 0.346571 -0.576269 0.77853 1.05298 -0.340644 -0.0553239 -0.375572 -0.224811 0.275646 -0.147327 -0.0560937 0.316369 -0.462426 0.533295 0.716665 1.7955 1.39372 1 
-0.932481 -0.301741 -1.33713 -1.49201 -1.10213 -0.12331 -0.566679 0.648551 -0.610593 -0.275483 -0.625112 -0.644687 -0.0830599 1.67462 0.329975 -0.514967 -1.61141 -1.83261 1 
-0.689599 0.508649 0.501622 0.270646 -0.214731 -0.12331 0.185314 -0.375572 0.16097 0.275646 0.362311 0.113693 0.715797 -0.595992 1.34658 0.380766 0.497632 0.452709 2 
1.61777 1.6432 1.32589 -0.0579854 -1.60921 -0.340644 2.50145 -1.78374 2.86144 1.65347 2.56012 2.62653 1.97553 1.40749 -0.279986 1.9483 -1.61141 -1.29489 1 
1.25345 0.670727 1.4527 1.19679 -0.0879604 0.528691 1.14787 -1.14366 1.31832 0.620102 0.903802 1.11543 -0.205961 -1.13025 -1.29659 0.716665 0.659865 1.52815 2 
-0.568159 -0.625897 -1.21032 -1.04388 -0.341502 -0.557978 -1.37883 1.80069 -1.38216 -0.757721 -1.29401 -1.22762 -0.759016 0.472531 1.14325 -1.0748 -0.47577 -1.02602 0 
-0.446718 -0.950053 -1.59076 -1.64139 -1.73598 -0.340644 -1.01788 1.28863 -0.996375 -0.619939 -1.07105 -1.01256 -0.728291 1.67462 1.14325 -0.514967 -0.962471 -1.83261 0 
0.524807 -0.139663 0.374811 0.210895 0.672665 0.311358 -0.326042 0.264505 -0.224811 0.0689726 -0.497703 -0.412645 -0.636115 -0.863122 1.5499 -0.403 0.822099 0.856 0 
1.01057 1.6432 1.19908 1.31629 0.672665 0.746025 1.59906 -1.3997 1.7041 1.99792 1.19047 1.57952 1.17668 -0.195296 -0.889946 0.940598 -0.313537 0.452709 2 
-0.932481 -0.787975 -1.02011 -0.894501 -0.341502 -0.340644 -1.40891 1.67267 -1.38216 -0.619939 -1.38957 -1.2163 -0.974093 -1.26382 0.126654 -0.179067 2.11997 1.66258 0 
0.889129 0.670727 1.32589 1.28641 0.672665 0.311358 0.967387 -1.01565 0.932534 0.551211 0.840097 0.911689 -0.0216094 -0.462426 -0.483306 -0.179067 0.0109306 0.0494182 3 
1.86065 1.6432 0.882054 0.659028 -0.595044 -0.557978 2.17058 -1.65573 2.08988 1.51569 2.49642 2.36053 2.06771 1.67462 0.329975 -0.403 -0.800238 -1.56375 1 
-0.203837 0.0224151 -0.512864 0.539526 1.56006 -0.340644 -0.356121 0.00847383 -0.610593 -0.344374 -0.306588 -0.367369 0.254918 -0.328861 0.329975 -0.7389 0.984333 0.72157 1 
-0.689599 -1.76044 -1.52735 -0.864625 -0.341502 -0.557978 -1.25851 1.41664 -0.996375 -1.23996 -1.29401 -1.11443 -1.89585 -1.26382 -0.483306 -0.291034 1.63327 1.39372 0 
-0.0823959 -0.950053 0.248 0.330397 -0.341502 0.0940239 -0.0553239 -0.247557 -0.224811 -0.964395 -0.0836219 -0.124008 -1.40425 -1.26382 -0.0766656 0.492732 1.3088 1.12486 2 
0.281926 -1.27421 -0.512864 0.539526 0.799435 -0.12331 -0.295962 0.136489 -0.224811 -0.964395 -0.179179 -0.35039 -1.25062 -0.462426 -0.686626 0.380766 0.173164 0.183849 2 
-0.689599 -0.301741 -0.766486 0.24077 1.56006 2.26736 -0.50652 0.39252 -0.610593 -0.344374 -0.274736 -0.554134 -0.205961 0.472531 -1.09327 -0.403 -0.47577 -0.891594 1 
-0.689599 -0.139663 0.12119 -1.014 -0.848585 0.746025 -0.416281 0.39252 -0.224811 0.688993 -0.402146 -0.503198 -0.328862 0.338965 0.126654 -0.179067 -0.962471 -0.0850121 0 
-0.203837 -0.787975 -1.02011 -1.73102 -1.73598 -0.340644 -0.897556 1.16061 -0.610593 -0.551048 -0.943636 -0.922004 -0.820467 1.67462 1.14325 0.716665 -1.1247 -1.69818 0 
-0.689599 -0.139663 -0.766486 -0.535994 -0.0879604 -0.12331 -0.777237 0.648551 -0.996375 -0.344374 -0.816226 -0.72958 -0.0523347 -0.595992 0.126654 -0.514967 1.14657 0.990431 1 
0.0390448 -0.950053 -0.449459 0.449899 1.30652 -0.12331 -0.416281 0.136489 -0.610593 -1.03329 -0.433998 -0.423964 -0.912642 -0.328861 -0.483306 -0.850866 0.497632 0.58714 1 
1.61777 0.994884 1.32589 0.390148 -0.721814 0.528691 1.32834 -1.27168 1.31832 0.964558 1.19047 1.31918 1.29958 -0.0617305 -0.889946 -0.962833 -0.151303 0.318279 2 
-0.932481 -1.11213 -1.52735 -1.49201 -0.721814 -0.992645 -1.52923 2.05672 -1.38216 -1.30885 -1.54883 -1.31251 -0.697566 0.739661 0.533295 -1.18677 -0.800238 -1.29489 0 
-1.78257 -0.950053 -0.639675 -1.25301 -1.10213 0.0940239 -0.807317 0.904582 -0.610593 -0.895504 -0.752522 -0.820132 -0.943368 0.606096 0.126654 0.940598 -1.28694 -0.891594 3 
-0.446718 -0.950053 0.438217 0.360272 0.0388104 -0.12331 0.185314 -0.375572 0.16097 -1.10218 0.362311 0.102374 -0.636115 -0.328861 0.939935 0.268799 0.0109306 -0.0850121 2 
-0.932481 0.0224151 -1.02011 -1.28288 -0.595044 -0.12331 -0.626839 0.648551 -0.610593 -0.206592 -0.59326 -0.672984 0.347094 1.80818 -1.29659 -0.626933 -1.61141 -1.83261 1 
2.34642 0.508649 1.00887 1.16691 0.0388104 0.0940239 1.02755 -1.01565 0.932534 0.206755 0.871949 0.979603 0.254918 -1.13025 2.15986 1.83633 0.659865 1.12486 2 
-0.81104 0.670727 0.248 0.629152 0.292352 0.0940239 0.245473 -0.503588 0.16097 0.344537 0.266754 0.175948 1.05378 -0.729557 0.939935 -0.626933 0.497632 0.452709 3 
1.73921 1.80527 1.26249 2.30218 1.68683 -0.557978 2.11042 -1.65573 2.08988 1.30901 2.40086 2.34921 1.63756 1.27392 0.533295 0.044866 -0.47577 -1.42932 1 
-0.932481 -0.787975 -1.02011 -0.924376 -0.341502 -0.992645 -0.957716 1.0326 -0.996375 -1.03329 -0.848079 -0.910685 -0.728291 0.2054 -0.0766656 0.156833 -0.47577 -0.757164 2 
-1.05392 -0.301741 -1.02011 -1.43226 -0.975356 -0.340644 -0.566679 0.648551 -0.610593 -0.0688097 -0.625112 -0.656006 0.00911589 1.94175 -1.29659 -0.850866 -1.61141 -1.83261 1 
0.889129 1.80527 1.19908 1.85405 1.30652 0.311358 1.44866 -1.27168 1.31832 1.58458 1.38159 1.46066 1.26885 -0.0617305 -0.889946 -0.7389 -0.313537 0.183849 2 
1.37489 1.6432 0.882054 0.360272 -0.721814 0.0940239 1.50882 -1.3997 1.7041 1.86014 1.34973 1.54556 1.26885 0.2054 -0.483306 -0.850866 -0.313537 -0.219442 3 
-0.689599 -0.950053 0.374811 0.748655 0.926206 -0.12331 -0.0252442 -0.119542 -0.224811 -1.03329 0.330459 -0.135327 -0.728291 0.2054 -0.686626 1.05256 -0.47577 -0.488303 3 
2.34642 1.31904 0.691838 0.838281 0.0388104 0.528691 1.41858 -1.27168 1.31832 1.17123 1.03121 1.40407 0.654347 -0.0617305 -0.0766656 1.38846 -0.151303 0.452709 2 
-0.568159 -0.463819 -0.449459 -0.864625 -0.848585 -0.557978 -0.717078 0.648551 -0.610593 -0.619939 -0.59326 -0.72392 -0.267412 -0.195296 1.75322 1.50043 0.335398 0.318279 3 
