0.27616 -0.038951 -0.039289 0
0.28333 -0.076183 -0.073812 0
-0.33433 -0.073468 -0.12705 2
0.2961 -0.044202 0.13 0
0.3291 0.62563 -0.021636 1
-1.2716 0.6244 0.27832 1
0.14712 0.16576 -0.20896 1
0.30074 -0.035279 -0.032799 0
0.2924 -0.022768 0.034399 0
-0.091732 -0.244 0.097063 2
0.28963 -0.031288 -0.032756 0
0.26995 -0.20149 -0.10785 2
0.19753 0.11249 -0.094051 1
0.25977 -0.059885 0.0054664 0
-0.066908 0.22888 -0.12256 1
-0.32609 0.02963 0.036399 3
0.26292 -0.052823 0.073572 0
-0.12278 0.32228 -0.18582 1
-0.42204 0.1142 0.15122 2
-0.41741 -0.00061916 0.23762 3
0.23018 0.1173 0.081299 1
0.30401 -0.029882 0.084579 0
0.19505 0.18047 -0.2809 1
0.26444 0.056905 -0.019217 1
-0.3399 -0.16905 0.040193 2
0.28859 -0.031504 0.069805 0
0.29957 -0.013598 -0.091124 2
-0.46243 -0.032844 0.017244 2
-0.31916 0.42466 0.036112 1
0.22073 0.045494 -0.14708 2
0.26477 -0.058102 -0.049235 0
0.26943 -0.077791 0.040325 2
0.22008 0.0077618 -0.18916 3
-0.3747 -0.22474 -0.17126 3
0.096764 -0.10536 -0.082276 3
0.2687 -0.10394 -0.18906 0
0.25101 0.17448 0.056237 1
0.27137 -0.035314 -0.035785 0
-0.46568 0.059161 0.064289 2
0.26182 0.13171 -0.020295 1
-0.36515 -0.082706 0.0069398 3
0.27987 -0.043283 0.16295 0
0.27872 -0.15394 0.096321 0
0.071916 -0.1183 -0.2865 2
-0.4239 -0.23768 -0.20212 2
0.2569 -0.094257 -0.11342 0
0.28023 -0.027818 0.10821 0
0.25484 0.17736 -0.11152 1
0.30604 0.085058 0.027962 0
0.079253 -0.11553 -0.12461 2
0.24308 0.073436 -0.023542 2
0.17171 -0.042302 -0.11952 2
-0.45165 -0.091375 -0.02107 3
0.17954 0.13472 -0.38115 1
-1.2552 0.44648 0.57814 1
0.29065 -0.087414 -0.091234 0
-0.084633 -0.22229 -0.10316 2
0.30998 -0.11917 0.12838 0
-0.40664 -0.2425 -0.0044488 3
0.29542 -0.16516 0.11153 0
-0.25948 -0.13035 0.13289 3
0.26348 -0.057759 0.1865 3
0.30263 -0.038462 0.020241 0
0.2453 0.07708 0.037755 1
-0.19438 0.24048 -0.10912 1
0.23407 -0.12939 -0.016325 3
0.26578 0.15572 0.062708 1
-0.65543 0.14023 0.46536 3
0.29149 0.010452 0.071354 0
-0.3019 0.3551 -0.093808 1
-0.42996 0.2872 0.35176 3
-0.56393 -0.097782 0.68031 3
-0.02868 -0.15791 -0.21094 3
0.30102 -0.16358 0.064869 3
0.30198 -0.043597 -0.0025708 0
-0.21715 -0.12178 0.1309 3
0.027858 -0.01275 -0.262 2
0.2484 0.14169 -0.30742 2
-0.55801 0.42918 0.063153 1
0.25869 0.19059 -0.15457 1
0.21004 0.15766 -0.05627 1
-0.58246 0.47702 0.10315 1
0.27752 0.052374 -0.028154 0
0.31421 -0.30149 0.11193 3
0.19248 0.16942 -0.07642 1
-1.4065 0.62423 0.48505 1
0.29328 -0.069454 -0.094896 0
0.29426 -0.025506 0.13341 0
-0.00013346 0.12314 -0.093062 1
0.29709 -0.13794 0.11303 3
-0.50587 -0.11106 0.16195 2
0.050854 -0.033646 -0.32494 3
-0.24756 -0.054018 -0.25671 2
0.26701 -0.10959 0.019642 0
-0.41265 0.0070174 -0.067007 3
0.14967 -0.12496 -0.34125 3
-0.083801 -0.048159 0.043918 3
0.29426 -0.026979 -0.12755 0
0.21684 -0.033711 -0.1582 2
-1.0805 0.63441 0.2507 1
0.15614 -0.13798 -0.28673 2
0.22719 0.16769 -0.070666 1
-0.52493 -0.12961 0.27114 2
0.21033 0.19714 0.019479 1
0.24477 0.13477 0.049454 1
0.26613 0.17387 -0.015983 1
0.29555 -0.17828 0.037131 0
0.15048 -0.15433 -0.16631 2
-0.5673 0.081341 0.30915 3
-0.41784 0.14377 0.25581 3
0.27618 -0.063709 0.038886 0
0.28239 0.015609 0.11452 0
0.11823 -0.050833 -0.050087 3
0.25727 0.20748 -0.079047 1
0.24639 0.15746 0.021657 1
-0.44001 0.26251 0.32126 3
0.015124 -0.219 -0.032361 3
0.28101 0.0075703 0.046743 0
0.21516 0.12351 -0.15658 1
-0.56925 0.52678 0.0013397 1
0.25353 -0.1101 -0.11772 3
0.15487 -0.11766 -0.21086 3
0.20374 -0.0019391 0.033149 2
-0.4948 0.0098731 0.31891 3
0.23136 0.10995 -0.036206 1
0.25819 -0.11854 0.18072 0
-0.55173 -0.044197 0.39574 3
0.25393 -0.051313 -0.007037 0
-0.19675 0.35611 -0.030129 1
0.21037 0.22807 0.052782 1
0.2739 -0.055457 -0.03806 2
0.28954 -0.030559 0.090381 0
-0.50842 -0.022783 0.19227 2
0.29089 -0.0042041 -0.12986 0
-0.34044 -0.12803 0.073709 2
0.1975 0.10856 -0.19228 2
0.25647 0.045101 -0.07464 0
0.209 -0.068158 -0.035862 2
0.24449 0.16361 0.06753 1
-0.34982 -0.082947 0.19305 2
0.31642 0.01479 -0.20067 0
0.29262 0.0050152 0.084117 0
0.041246 0.18615 -0.33 1
0.25362 0.10851 -0.069935 1
-0.60475 0.11889 0.45076 3
0.22583 0.22582 0.084574 1
0.15938 -0.086075 -0.18033 3
0.13159 -0.064703 -0.24522 3
0.26018 0.10011 -0.10916 1
-0.47044 -0.19385 0.28741 2
0.27498 0.077822 0.20554 0
0.28545 -0.015534 0.025442 0
0.12196 0.21187 -0.25251 1
0.051933 -0.14326 -0.16521 2
-0.47637 0.016997 -0.07464 3
0.25656 -0.1497 -0.052004 2
0.28892 -0.095989 -0.081413 0
-0.58363 -0.090726 0.17569 3
0.29208 -0.058545 0.014783 0
0.20721 0.11296 -0.17981 1
0.29647 -0.082984 0.0691 0
-0.4041 -0.094567 -0.072549 2
0.16219 -0.086937 -0.15139 2
0.17467 -0.078024 -0.12617 3
-0.26602 -0.099353 -0.060257 2
-0.60098 -0.013312 0.62466 3
0.27048 0.03568 -0.045024 2
-0.0096028 -0.16286 -0.29641 2
0.27273 -0.16349 0.056081 0
0.30025 -0.10007 0.064566 0
-0.085631 -0.20768 0.075098 2
0.23338 0.12995 0.15911 1
0.26665 0.15787 -0.13218 1
0.085181 -0.27208 -0.10729 2
0.28607 -0.084194 0.095443 0
0.29616 -0.042187 0.11942 0
0.28044 0.28609 -0.0039207 1
-0.00015151 -0.13681 -0.2676 2
0.29892 -0.034284 0.21434 0
0.28536 -0.07408 -0.002225 0
-1.2272 0.48572 0.53018 1
0.22838 0.15228 -0.10314 1
0.25679 0.10294 0.097293 1
0.30994 -0.17548 -0.081852 3
-0.41881 -0.24015 0.11629 2
0.17499 0.012998 -0.26538 1
-0.12085 -0.05519 -0.0090341 3
0.21398 0.178 0.13669 1
0.098125 0.26379 -0.30016 1
0.02293 -0.36823 -0.17985 2
-0.39364 -0.13923 -0.19082 2
0.14509 -0.11756 -0.21329 2
0.25902 0.14336 -0.088736 1
0.29803 -0.066574 -0.11949 0
-0.47396 -0.21953 0.23533 2
0.16134 -0.0033767 -0.32001 2
0.27433 -0.066947 -0.059822 0
0.2864 -0.075049 0.13705 0
-0.31543 -0.041212 0.19736 3
-0.43665 -0.23022 0.058682 2
-0.49838 -0.11763 0.055585 2
-0.28308 -0.082988 -0.095935 3
0.10401 -0.10671 0.086257 3
0.3121 -0.12373 0.044183 3
0.24777 0.21117 0.013996 1
0.27719 -0.002595 -0.085563 0
-0.50556 0.01393 0.10678 2
-0.3892 0.064962 0.1383 2
-0.43427 0.4075 0.11881 1
0.27811 -0.10924 0.051289 0
-0.56434 0.20989 0.45768 3
0.30098 -0.25396 0.11975 3
0.2738 -0.15132 -0.20872 3
-0.60959 0.073575 0.34436 3
0.2529 0.064032 0.0052605 1
0.30266 -0.21643 0.014245 3
0.24783 0.17425 0.03172 1
0.25266 -0.18845 -0.088797 2
0.31709 -0.13799 0.045507 0
-0.085919 -0.029882 -0.006475 3
-0.025264 -0.074578 -0.22869 3
0.28771 -0.055213 0.14528 0
-0.21027 0.40906 -0.097152 1
0.26174 -0.15689 -0.24498 2
0.03111 0.17916 -0.10105 1
0.29076 0.0042568 0.069046 0
-0.60509 -0.065882 0.20557 3
0.11497 -0.18569 -0.32348 2
-0.012469 -0.19901 -0.15796 3
-0.49876 -0.15702 0.30512 2
0.28291 -0.057665 0.11183 0
0.27616 0.026951 0.12753 0
0.31458 -0.29767 0.13846 3
0.2535 0.077322 -0.15957 1
-0.33951 0.061382 0.28145 3
0.28724 -0.063078 0.15881 0
0.25207 -0.0086421 0.10157 3
0.11123 0.053278 -0.29663 1
0.26621 -0.082186 -0.095999 2
0.22569 -0.076048 -0.18616 3
0.25879 -0.16312 -0.020098 3
0.2694 0.059942 0.0066329 0
0.28908 -0.084635 -0.023688 0
-0.4423 0.12387 0.33119 3
-0.52571 -0.11419 0.24379 2
0.30699 0.013605 -0.045446 0
-0.013942 -0.2131 -0.28646 2
-0.46609 -0.21195 0.19284 2
0.24736 -0.044086 -0.11341 2
-0.36325 0.033347 0.21114 2
0.25608 0.084235 0.10426 1
0.25565 0.10513 -0.055216 1
-0.16322 0.31395 0.14631 1
0.27935 -0.061142 -0.026193 0
0.26836 -0.065641 -0.13672 2
-0.36057 -0.044859 0.12448 3
0.27709 0.28798 -0.084996 1
-0.33064 -0.23081 0.22227 3
0.31413 -0.082884 -0.048738 3
0.28963 -0.065779 -0.12875 0
0.24797 -0.13011 -0.29268 2
0.27498 0.088657 -0.041982 1
-0.095367 0.36047 0.031917 1
-0.56112 -0.08637 0.32814 3
-0.21158 -0.082425 -0.12401 3
0.201 0.18415 -0.016097 1
-0.14827 -0.24268 0.068062 2
-0.10608 0.23967 -0.084399 1
0.27978 0.0045967 -0.059031 0
0.20929 -0.071847 0.12602 3
0.10331 0.11242 -0.14714 1
0.23932 -0.037887 -0.091581 2
-0.38015 -0.0033903 0.032762 2
0.22541 -0.096933 -0.27826 2
-0.33315 -0.083069 0.23412 2
0.25247 0.025491 -0.16906 2
0.11439 -0.12925 -0.21174 3
-0.035651 -0.22567 -0.02157 3
0.043401 -0.24234 -0.002887 2
0.25701 -0.018756 -0.10271 0
0.22657 0.11677 0.045586 1
0.27235 -0.13306 0.062569 0
