Enter name of the inverted index file generated by MapReduce:
index.txt
Inverted index file loaded successfully.

Enter name of the stopwords file generated by MapReduce:
stopwords.txt
Stopwords file loaded successfully.

Extra credit mode? Enter 'y' or 'n':
n
EC mode off: Order of words in query is ignored and use of 'and', 'or', 'not' is NOT supported.

Show query details? Enter 'y' or 'n':
y
Query details mode on.

To make a query, type one or more words, separated by spaces.
Note that hyphens are treated as blank spaces, and other punctuation is ignored.
See README for details. Send CTRL+D signal to exit.
Enter queries:
Query: Shakespeare
Conversion: SHAKESPEARE
Query was found in the following locations:
File: works-full-out.txt
  Lines: 1, 2, 12, 14, 22, 34, 37, 42, 51, 61, 64, 159, 163, 178, 2804, 2820, 2850, 3452, 4263, 4838, 5515, 6051, 6067, 6116, 6780, 10242, 10258, 10293, 10464, 10904, 12293, 12735, 13237, 13242, 13286, 13589, 13966, 14345, 14871, 15357, 15373, 15414, 16414, 18055, 18879, 19650, 19666, 19704, 20587, 21189, 22782, 23830, 23848, 23888, 24906, 25704, 26738, 26939, 27032, 27323, 27376, 27617, 28399, 28416, 28453, 29107, 30005, 30692, 31134, 31770, 31787, 31908, 32521, 33347, 33783, 34757, 35373, 35389, 35490, 35948, 36586, 36641, 37382, 38498, 39032, 39048, 39102, 39873, 40476, 41083, 41768, 42457, 42473, 42527, 43286, 43882, 44797, 45689, 46119, 46135, 46177, 46857, 47678, 47802, 48321, 49024, 49659, 49675, 49759, 50600, 51443, 52240, 52675, 53440, 53456, 53497, 53816, 54468, 55173, 55836, 56484, 56502, 56551, 57175, 57823, 58525, 59046, 59516, 59534, 59571, 60601, 61358, 62085, 62951, 63518, 63535, 63567, 64054, 64359, 64573, 65362, 66550, 66568, 66608, 67250, 67717, 68320, 68941, 69467, 69484, 69519, 70008, 70793, 71984, 72602, 72618, 72652, 73183, 73982, 75586, 75602, 75639, 76270, 76919, 77061, 77169, 77710, 78360, 78754, 78770, 78810, 79198, 79685, 80434, 80737, 81226, 81244, 81276, 81677, 82342, 82934, 83375, 84031, 84048, 84074, 84869, 85656, 86557, 87308, 87944, 87962, 88002, 88733, 89464, 90130, 90508, 91196, 91212, 91269, 92514, 93040, 94060, 95127, 95753, 95770, 95836, 96662, 97439, 98359, 98869, 99389, 99405, 99771, 100354, 100821, 101214, 102034, 102434, 102450, 102489, 103234, 103844, 104309, 104653, 105094, 105110, 105164, 105817, 106154, 106800, 107518, 107962, 107978, 108026, 108616, 109241, 109684, 110311, 110971, 110987, 111076, 111929, 112587, 113308, 114095, 114970, 114987, 115015, 115654, 116317, 117050, 117318, 117787, 117801, 117830, 118269, 118989, 119497, 120035, 120360, 120376, 120415, 121028, 121639, 122115, 123297, 123971, 123987, 124372, 124389, 124391
File: works-out.txt
  Lines: 5, 2631, 2647, 2677, 3279, 4090, 4665, 5342, 5878, 5894, 5943, 6607, 10069, 10085, 10120, 10291, 10731, 12120, 12562, 13064, 13069, 13113, 13416, 13793, 14172, 14698, 15184, 15200, 15241, 16241, 17882, 18706, 19477, 19493, 19531, 20414, 21016, 22609, 23657, 23675, 23715, 24733, 25531, 26565, 26766, 26859, 27150, 27203, 27444, 28226, 28243, 28280, 28934, 29832, 30519, 30961, 31597, 31614, 31735, 32348, 33174, 33610, 34584, 35200, 35216, 35317, 35775, 36413, 36468, 37209, 38325, 38859, 38875, 38929, 39700, 40303, 40910, 41595, 42284, 42300, 42354, 43113, 43709, 44624, 45516, 45946, 45962, 46004, 46684, 47505, 47629, 48148, 48851, 49486, 49502, 49586, 50427, 51270, 52067, 52502, 53267, 53283, 53324, 53643, 54295, 55000, 55663, 56311, 56329, 56378, 57002, 57650, 58352, 58873, 59343, 59361, 59398, 60428, 61185, 61912, 62778, 63345, 63362, 63394, 63881, 64186, 64400, 65189, 66377, 66395, 66435, 67077, 67544, 68147, 68768, 69294, 69311, 69346, 69835, 70620, 71811, 72429, 72445, 72479, 73010, 73809, 75413, 75429, 75466, 76097, 76746, 76888, 76996, 77537, 78187, 78581, 78597, 78637, 79025, 79512, 80261, 80564, 81053, 81071, 81103, 81504, 82169, 82761, 83202, 83858, 83875, 83901, 84696, 85483, 86384, 87135, 87771, 87789, 87829, 88560, 89291, 89957, 90335, 91023, 91039, 91096, 92341, 92867, 93887, 94954, 95580, 95597, 95663, 96489, 97266, 98186, 98696, 99216, 99232, 99598, 100181, 100648, 101041, 101861, 102261, 102277, 102316, 103061, 103671, 104136, 104480, 104921, 104937, 104991, 105644, 105981, 106627, 107345, 107789, 107805, 107853, 108443, 109068, 109511, 110138, 110798, 110814, 110903, 111756, 112414, 113135, 113922, 114797, 114814, 114842, 115481, 116144, 116877, 117145, 117614, 117628, 117657, 118096, 118816, 119324, 119862, 120187, 120203, 120242, 120855, 121466, 121942, 123124, 123798, 123814

Query: Romeo Juliet
Conversion: ROMEO JULIET
Query was found in the following locations:
File: works-full-out.txt
  Lines: 95768, 97813, 98087, 99263, 99301, 99381
File: works-out.txt
  Lines: 95595, 97640, 97914, 99090, 99128, 99208

Query: Montague Capulet
Conversion: MONTAGUE CAPULET
Query was found in the following locations:
File: works-full-out.txt
  Lines: 95954, 97612
File: works-out.txt
  Lines: 95781, 97439

