0.068532 0.13809 -0.37091 1
0.22085 -0.12341 -0.16456 2
0.28842 -0.084668 -0.041142 0
0.25957 -0.12616 0.096171 0
-0.19388 -0.1006 -0.10154 2
0.23321 -0.044733 -0.061916 2
0.26056 0.15241 0.10198 1
0.31624 -0.053995 0.16276 0
-0.10564 -0.19953 -0.12649 3
-0.17546 -0.3439 -0.022198 2
0.28779 0.027886 0.09205 0
-0.48741 -0.026506 0.19202 3
-0.36065 0.029608 0.083001 2
0.2485 0.19379 -0.039374 1
0.039939 -0.15815 -0.29074 2
0.21169 0.043956 -0.10958 1
-0.22482 -0.12827 -0.13464 3
0.25671 -0.183 -0.28457 2
0.24025 0.15504 -0.03985 1
-0.28305 -0.24664 0.29123 3
-0.15933 -0.057148 -0.16158 3
0.24677 0.13613 0.012982 1
0.29204 -0.016956 -0.087867 0
-0.026223 0.29551 -0.25317 1
-0.17153 -0.053023 -0.24551 2
-0.95176 0.68831 0.26959 1
-0.39932 -0.14326 -0.00077001 2
0.29151 -0.048716 -0.041654 0
-0.24752 -0.14857 -0.31033 2
0.28487 -0.015806 -0.0344 0
-0.16624 -0.11834 -0.028217 3
-0.46744 -0.051038 0.091643 2
0.24617 -0.088929 0.0019577 0
0.26473 0.2004 -6.6959e-05 1
-0.49843 0.019884 0.19936 2
0.26082 -0.0022305 0.086371 0
-0.47996 -0.078683 -0.075076 2
0.13749 -0.10153 -0.26913 2
0.25536 0.18797 -0.013249 1
0.3031 -0.002511 -0.044314 0
-0.31566 0.13628 0.25906 3
-0.27692 0.24812 0.013728 1
0.24596 -0.0048211 -0.0070755 1
0.323 -0.16769 0.022642 0
0.29039 -0.2144 0.080131 3
-0.33531 -0.25385 0.016087 2
-0.43233 0.078134 0.33663 3
0.18837 0.12591 -0.17233 1
0.29072 0.066812 -0.087578 0
0.253 0.06178 0.019363 3
0.086089 -0.10093 -0.14502 3
-0.095159 0.29452 -0.12976 1
-0.24772 -0.17301 -0.0015461 3
0.24277 0.16687 0.018341 1
0.17653 -0.092647 0.11169 2
-0.33931 0.040056 -0.092439 2
0.2348 0.12871 0.056229 1
0.24798 0.092553 -0.055348 2
-0.43116 0.075904 0.33378 3
0.25098 0.023862 -0.059667 3
-0.00046313 0.27912 -0.30361 1
0.30279 -0.0085792 0.051539 0
0.26206 0.2158 -0.04311 1
0.24668 0.19494 0.055689 1
0.26717 -0.013104 0.10778 0
-0.4682 -0.12062 0.25762 2
-0.15946 -0.13529 -0.098883 3
-0.074666 -0.20666 -0.23187 2
0.28786 -0.062287 -0.095647 2
-0.54464 0.028226 0.25308 3
0.27348 -0.10034 -0.017523 0
-0.26153 -0.12444 0.078656 3
-0.53406 -0.0083356 0.23085 3
0.20759 -0.12025 -0.23333 3
-0.023204 -0.18522 0.18398 3
-0.49872 -0.012568 0.5361 3
0.27436 0.0032989 0.037085 0
0.28544 -0.093362 0.070983 0
0.18884 0.081748 -0.208 1
0.076877 0.25567 -0.034625 1
-0.40574 -0.13395 -0.19503 2
0.16496 -0.065424 -0.077379 2
0.2434 0.1418 -0.095551 2
-1.4459 0.54479 0.43835 1
0.27049 0.03294 0.064846 0
0.16231 -0.15964 -0.11998 2
0.27953 -0.094791 -0.079094 0
0.28333 -0.0060176 0.0044518 0
0.26806 -0.094288 -0.21461 3
0.091003 -0.20388 -0.22496 2
0.26474 -0.042477 0.0459 0
-0.51681 -0.24557 0.26032 2
0.25639 -0.12807 -0.2278 2
0.27845 -0.082099 0.079752 0
-0.46347 -0.066161 0.16006 2
0.28125 -0.10812 -0.061411 2
0.26965 -0.1282 0.030801 2
-0.4987 -0.054917 0.28395 3
0.30239 -0.017551 0.069571 3
-1.241 0.45197 0.057523 1
0.21618 0.2092 0.057091 1
-0.54953 -0.078244 0.19019 3
0.26915 -0.27316 -0.062396 3
0.2846 -0.12606 -0.10318 0
-0.12275 -0.13687 -0.21286 2
0.2771 -0.093314 0.080132 0
0.29078 -0.010099 -0.08264 0
-0.62906 -0.04564 0.65984 3
0.25918 0.12997 -0.1159 1
0.2797 -0.052564 0.04428 0
0.26891 -0.03461 0.26992 0
0.21309 0.13552 0.022937 1
-0.028965 -0.03754 -0.23597 2
0.10735 -0.09313 -0.33461 3
-1.3175 0.6642 0.34726 1
0.22498 0.066917 -0.10497 1
0.036122 0.27079 -0.21386 1
0.29999 -0.061565 0.020965 0
-0.3008 -0.25861 0.16486 2
0.18528 -0.13025 -0.10443 3
-0.39524 0.17901 0.23281 3
0.29382 -0.041433 0.10962 0
-0.25662 -0.22215 0.18175 3
0.16997 0.16949 -0.099178 1
0.32512 -0.17063 0.061301 3
0.26094 -0.16486 -0.27022 2
0.25038 0.13624 0.015786 1
0.034454 -0.12702 -0.1066 2
0.10457 -0.20678 -0.039293 2
0.28289 -0.16084 0.10547 3
0.25209 0.23248 0.050283 1
0.2767 -0.18662 -0.1485 3
0.29121 -0.017285 0.10085 0
-0.44348 -0.06807 0.4704 3
0.25448 0.017537 -0.012081 1
0.16497 0.18789 -0.30498 1
0.23274 0.21062 -0.066747 1
0.27142 -0.12883 -0.29571 2
0.29073 -0.04169 -0.16809 0
-0.42951 0.099129 0.10579 3
0.20977 -0.099808 -0.20817 2
0.263 0.20563 -0.014905 1
-0.10244 -0.098347 -0.018496 3
0.29722 -0.21867 -0.1572 3
-0.52456 0.033908 0.072219 3
0.045253 -0.16045 -0.13161 3
-0.33166 -0.27917 -0.022682 2
0.28062 0.059597 -0.023926 0
-0.46103 -0.22017 0.17391 2
-0.47661 0.34086 0.031899 1
0.22709 -0.10852 -0.10006 2
0.25633 0.11723 -0.065533 1
-0.32342 0.053004 -0.11301 2
0.28405 -0.12002 0.081044 0
0.28497 -0.078967 0.041083 0
0.25466 -0.043829 -0.12858 3
-0.052348 -0.13948 -0.0073051 3
-0.22785 -0.40671 0.15239 2
-0.22269 -0.10487 -0.11725 2
0.25245 0.075541 -0.0067848 0
0.28814 -0.11396 0.082351 0
-0.13321 -0.15917 0.014903 3
-1.0286 0.38537 0.15026 1
0.2848 0.0767 0.056319 0
-0.092761 -0.21318 0.061837 2
-0.44885 0.08142 0.43368 3
-0.44418 0.46439 0.15166 1
0.2996 -0.056437 -0.21477 0
0.19113 0.20699 -0.12853 1
0.1067 -0.096244 -0.24011 3
0.11449 -0.16364 -0.17623 3
0.21943 0.11962 -0.20282 1
-0.28791 -0.3115 -0.019184 2
0.25935 0.16395 0.034513 1
0.27535 0.033869 -0.061861 0
0.27477 0.076911 0.10523 0
-0.52711 0.050578 0.14452 3
-0.042181 -0.1939 0.01837 2
0.27996 -0.11576 -0.053011 0
-0.31106 -0.17806 0.090263 3
0.073517 -0.063797 -0.060078 3
0.21903 0.14434 -0.12487 3
-0.19472 0.3604 -0.059788 1
0.26508 0.1486 0.0022609 1
0.25347 0.14526 0.1225 1
-0.43831 0.26025 0.34776 3
-0.49538 -0.054588 0.10145 2
0.29314 -0.039583 -0.027553 0
0.24816 0.074238 0.010138 1
-0.50258 -0.014136 0.026498 3
0.26677 0.0064379 -0.082926 2
0.20426 0.13872 -0.0055413 1
-0.30488 -0.19032 -0.18359 3
0.27074 0.16432 -0.0082395 1
0.33629 0.72194 0.038913 1
0.2541 -0.1305 -0.027061 0
0.29368 -0.028419 -0.0054842 0
0.299 -0.017307 0.083108 0
-0.34526 0.4208 -0.036372 1
-0.48676 0.013193 0.062176 2
-0.21388 -0.26524 0.093639 3
0.25216 -0.20518 0.029663 3
0.25183 0.11187 0.10889 1
-0.1985 0.30129 0.098907 1
0.27059 -0.05642 -0.02032 0
0.27757 -0.11765 -0.0044439 0
0.25225 -0.1103 0.15176 3
0.27474 -0.22054 -0.060897 3
0.30384 -0.14415 -0.0029618 0
0.25402 -0.073923 -0.028536 0
-0.34128 -0.038426 -0.1877 3
-0.48705 -0.17442 0.087919 2
0.26262 0.068511 -0.042359 1
-0.043485 0.31519 0.044825 1
0.24013 0.10473 -0.1653 2
0.26773 -0.027019 0.090157 0
0.27206 -0.052304 -0.0053362 0
0.27053 -0.1789 0.0042087 2
0.27954 -0.0058562 -0.0074261 0
0.28792 0.07101 -0.021012 0
0.2359 0.15867 0.0061584 1
0.22763 0.013113 0.019434 1
0.24559 -0.050952 0.067019 0
-0.36661 0.2565 -0.078564 1
-0.20104 -0.091727 -0.23469 2
0.19995 -0.1634 -0.18855 2
-0.060207 -0.2831 -0.28511 2
0.2904 -0.08864 -0.045508 0
-0.39969 0.24024 0.38748 3
0.27385 -0.049755 0.11815 0
0.28387 0.017113 0.12054 0
0.30496 -0.059833 0.021232 0
0.28066 -0.08428 -0.082268 2
0.27486 -0.0011274 0.043849 0
0.12231 -0.18516 -0.031707 2
0.25396 0.12539 -0.0079242 1
-0.39186 -0.18166 0.15405 3
0.24988 0.19703 0.03898 1
0.060569 -0.093879 -0.15429 3
-0.58996 -0.098454 0.40604 3
0.24652 -0.049445 0.01577 0
0.23919 -0.031511 -0.11443 1
0.13258 -0.071727 0.016464 2
0.2794 -0.048822 -0.17394 0
-0.11662 -0.3086 -0.11448 2
-0.23417 0.2929 0.099883 1
0.17407 -0.067719 -0.32306 3
-0.37092 -0.2107 0.013671 2
0.28957 -0.058264 -0.053734 0
-1.2489 0.50047 0.37162 1
0.21297 -0.096165 -0.14272 3
0.28132 0.0033975 0.1016 0
0.21993 -0.10985 -0.072112 2
0.22006 -0.092346 -0.068536 3
0.29507 0.0010031 -0.064452 3
-0.30405 -0.30833 0.15144 3
0.070998 -0.22036 -0.13742 2
0.285 0.027711 0.022411 2
-0.40102 0.048186 0.24436 3
-0.49982 0.052469 0.29198 3
0.18412 -0.16173 -0.21272 2
-0.42425 -0.10076 0.14949 2
0.26 0.25025 0.0047621 1
0.29577 -0.068793 -0.080994 0
-0.38115 -0.12879 0.11393 3
-1.0591 0.53985 0.19316 1
0.29049 -0.036194 -0.1048 0
-0.55153 0.34048 0.062308 1
0.30272 -0.009268 0.04123 0
0.13715 0.20183 -0.13315 1
-0.038777 -0.11812 -0.062462 3
0.26612 0.012173 0.0015605 1
0.19571 0.06747 -0.2629 1
0.28245 0.073643 0.11577 0
-0.37091 -0.16083 -0.12489 2
0.30754 -0.12093 0.24212 3
0.18981 0.16 -0.13063 1
0.26982 -0.24493 0.052681 2
-0.29322 -0.10603 -0.33928 2
-0.1289 0.29631 -0.21783 1
0.025256 0.15169 -0.085546 1
0.15912 -0.10312 -0.27398 3
