0.767689 -1.43629 -0.576269 0.898032 1.43329 -0.557978 -0.205723 -0.119542 -0.224811 -1.44663 0.0119352 -0.220221 -1.52715 -0.0617305 -0.0766656 0.716665 1.7955 1.12486 1 
-0.325277 -1.43629 -0.639675 -0.207363 -0.214731 -0.12331 -0.566679 0.39252 -0.610593 -1.03329 -0.720669 -0.59941 -1.65005 -1.26382 -0.889946 1.05256 1.14657 1.25929 2 
-0.325277 -0.625897 -1.14692 -0.625621 -0.0879604 -0.12331 -1.19835 1.28863 -0.996375 -0.413265 -0.879931 -1.08047 -0.66684 -0.595992 -0.0766656 -0.0671005 0.822099 0.72157 0 
-0.932481 -0.950053 -1.52735 -1.31276 -0.848585 -0.775311 -1.55931 2.05672 -1.38216 -0.964395 -1.54883 -1.33515 -0.820467 -0.462426 0.126654 -0.7389 0.173164 -0.219442 0 
0.160485 1.31904 0.818649 0.987659 0.419123 0.311358 0.726749 -0.887634 0.546752 0.826775 0.999359 0.673988 1.91408 -0.195296 -0.686626 -1.18677 -0.151303 0.0494182 2 
-0.325277 -0.301741 -0.639675 -0.804874 -0.721814 -0.340644 -0.596759 0.520535 -0.610593 -0.551048 -0.656965 -0.639027 -0.298137 -0.0617305 1.34658 1.16453 -0.47577 -0.622733 2 
-1.53968 0.0224151 -0.893296 -0.954252 -0.214731 -0.340644 -0.50652 0.520535 -0.610593 0.206755 -0.688817 -0.60507 0.132017 1.14036 -0.686626 0.044866 -1.61141 -1.69818 1 
0.0390448 0.832805 0.12119 -0.924376 -0.595044 0.311358 -0.386201 0.39252 -0.224811 1.51569 -0.561407 -0.503198 0.377819 0.606096 -0.279986 -0.7389 -1.1247 -0.622733 0 
1.61777 0.0224151 0.628433 0.838281 0.0388104 0.311358 0.57635 -0.759619 0.546752 8.14316e-05 0.426016 0.487223 -0.482489 -1.13025 1.14325 0.828632 0.984333 0.990431 3 
2.5893 0.994884 1.13568 0.957783 -0.214731 0.746025 0.816988 -0.887634 0.932534 0.964558 0.585278 0.753221 0.285643 -1.39738 3.17646 -1.29873 1.47103 1.66258 2 
-0.446718 -0.139663 -0.829891 -0.506119 0.292352 -0.340644 -1.01788 1.0326 -0.996375 -0.206592 -0.752522 -0.950302 -0.390313 0.338965 -0.686626 -1.18677 -0.313537 -0.622733 0 
1.01057 1.15696 1.00887 1.6748 1.17975 0.311358 1.35842 -1.27168 1.31832 1.10234 1.25418 1.37011 0.746523 -0.195296 -1.29659 0.380766 -0.313537 0.0494182 3 
1.13201 1.31904 1.51611 0.0913924 -0.848585 0.311358 1.29826 -1.14366 1.31832 1.3779 0.999359 1.2456 1.48393 0.0718348 1.95654 1.2765 -0.313537 0.183849 2 
-1.17536 -0.301741 -0.766486 -1.37251 -0.975356 -0.12331 -0.5366 0.520535 -0.610593 -0.137701 -0.497703 -0.610729 0.0398412 1.14036 -1.09327 -0.0671005 -1.28694 -1.56375 1 
0.524807 -1.11213 -0.259243 0.659028 0.419123 -0.12331 0.00483551 -0.247557 -0.224811 -0.826612 0.266754 -0.0560937 -1.03554 -0.729557 0.533295 0.828632 0.497632 0.452709 2 
-0.689599 -0.950053 -0.766486 -0.087861 0.545894 -0.340644 -0.626839 0.39252 -0.610593 -0.964395 -0.688817 -0.610729 -0.974093 -0.462426 -0.279986 0.044866 0.659865 0.72157 1 
-0.325277 0.184493 1.19908 0.898032 0.419123 0.0940239 0.816988 -0.887634 0.932534 -0.137701 0.967506 0.758881 0.746523 0.0718348 -0.279986 -0.514967 -0.47577 -0.219442 3 
-0.325277 -1.43629 0.0577843 -0.207363 -0.0879604 -0.12331 -0.807317 0.776566 -0.610593 -1.37774 -0.816226 -0.803154 -1.15844 -1.26382 -1.29659 2.06026 0.659865 0.58714 2 
-1.66112 -0.139663 -0.893296 -1.46214 -1.10213 -0.12331 -0.5366 0.520535 -0.610593 -0.137701 -0.59326 -0.60507 0.469995 1.00679 -0.483306 0.380766 -1.44917 -1.42932 1 
0.403367 0.508649 1.4527 1.28641 0.292352 0.528691 0.967387 -1.01565 0.932534 0.48232 0.74454 0.917348 -0.390313 -1.13025 -0.889946 -0.626933 0.659865 0.856 3 
-0.203837 1.15696 0.691838 1.04741 0.672665 0.0940239 0.60643 -0.759619 0.546752 0.895666 0.808245 0.543818 2.00626 -0.0617305 -0.889946 -0.850866 -0.151303 -0.0850121 3 
-0.81104 -0.463819 -0.766486 -0.894501 -0.341502 -0.340644 -0.596759 0.520535 -0.610593 -0.413265 -0.370293 -0.639027 -0.574664 0.739661 -0.0766656 -0.403 -0.638004 -1.02602 1 
0.0390448 -1.27421 -0.639675 -0.685372 -0.214731 0.0940239 -1.07803 1.16061 -0.996375 -0.895504 -0.879931 -1.0069 -1.43497 -0.462426 -0.889946 -0.626933 0.497632 -0.0850121 0 
0.403367 -1.11213 -0.449459 0.569401 0.799435 -0.557978 0.064995 -0.503588 -0.224811 -1.30885 0.330459 0.0570972 -1.15844 0.2054 -0.889946 -0.7389 1.3088 0.452709 1 
0.281926 0.0224151 1.19908 0.957783 0.545894 0.0940239 0.696669 -0.887634 0.546752 -0.344374 0.935654 0.634371 0.623621 0.0718348 -0.686626 0.716665 0.0109306 0.183849 2 
1.49633 1.31904 1.00887 -0.446368 -1.86275 -0.992645 2.05026 -1.65573 2.08988 1.10234 2.36901 2.253 1.4532 1.27392 -0.483306 0.492732 -0.638004 -1.56375 1 
2.10354 0.832805 1.32589 0.898032 -0.214731 0.528691 1.26818 -1.27168 1.31832 0.551211 1.09492 1.26258 0.408545 -0.595992 0.533295 -0.403 0.173164 0.58714 2 
0.281926 -0.950053 -1.14692 -1.73102 -1.73598 -0.12331 -1.04796 1.41664 -0.996375 -0.482157 -0.911784 -1.02954 -1.09699 1.00679 0.126654 0.828632 -0.962471 -1.56375 0 
1.86065 0.346571 0.882054 1.10716 0.292352 0.0940239 0.877148 -1.01565 0.932534 0.137864 0.967506 0.826795 0.50072 -0.328861 -0.483306 0.044866 0.173164 0.318279 2 
-0.689599 -0.463819 -1.14692 -0.535994 0.0388104 -0.12331 -1.16827 1.28863 -0.996375 -0.413265 -1.23031 -1.05783 -0.421038 -1.26382 -0.686626 -1.18677 2.2822 1.93144 0 
-0.81104 -0.139663 1.00887 1.25654 1.05298 0.311358 0.60643 -0.759619 0.546752 -0.482157 0.808245 0.538159 0.101292 -0.195296 -0.889946 0.940598 -0.313537 -0.219442 3 
1.61777 1.48112 0.882054 0.957783 0.0388104 0.746025 1.47874 -1.27168 1.31832 1.51569 1.03121 1.43803 1.29958 -0.195296 -0.889946 0.940598 -0.313537 0.318279 2 
-0.81104 -1.27421 -1.90778 -1.58164 -0.975356 -0.557978 -1.61947 2.18474 -1.38216 -1.51552 -1.70809 -1.38043 -0.943368 0.2054 0.939935 1.05256 -0.47577 -0.757164 0 
-1.05392 -0.301741 -1.02011 -1.37251 -0.721814 -0.557978 -0.626839 0.648551 -0.610593 -0.206592 -0.720669 -0.684303 -0.113785 1.67462 -0.0766656 -0.179067 -1.61141 -1.83261 1 
1.61777 1.6432 1.32589 1.31629 0.799435 0.528691 1.50882 -1.3997 1.7041 1.65347 1.03121 1.52292 1.26885 -0.328861 0.736615 -0.626933 -0.313537 0.183849 2 
-0.0823959 -1.27421 -0.766486 -1.28288 -1.2289 0.0940239 -1.25851 1.54466 -0.996375 -0.757721 -1.03919 -1.14273 -1.7115 -0.195296 -0.889946 0.044866 0.335398 -0.757164 0 
2.5893 1.15696 1.13568 1.01753 0.0388104 0.311358 1.44866 -1.27168 1.31832 1.17123 1.28603 1.45501 1.2074 -0.0617305 1.5499 -0.962833 -0.151303 0.183849 2 
-0.446718 -0.950053 0.184595 -0.267114 -0.341502 -0.340644 -0.175643 0.00847383 -0.224811 -1.17107 0.0119352 -0.248518 -0.513214 -0.195296 0.126654 0.044866 -0.47577 -0.488303 2 
-1.05392 -0.301741 -1.02011 -1.46214 -0.975356 -0.775311 -0.626839 0.648551 -0.610593 -0.206592 -0.656965 -0.678644 -0.0216094 1.94175 0.329975 -1.18677 -1.61141 -1.96704 1 
-0.932481 -0.301741 -0.893296 -0.56587 0.292352 0.0940239 -0.927636 0.904582 -0.996375 -0.344374 -0.879931 -0.876728 -0.0216094 -0.462426 -0.0766656 -1.4107 0.497632 0.72157 0 
0.767689 0.994884 1.3893 -0.177488 -1.2289 0.311358 1.11779 -1.14366 0.932534 1.10234 0.903802 1.08148 0.562171 -0.462426 -0.279986 0.940598 -0.151303 0.0494182 3 
0.524807 0.184493 0.374811 0.659028 0.165581 -0.557978 0.696669 -0.887634 0.546752 -0.0688097 0.840097 0.696626 -0.0216094 0.0718348 -0.889946 1.50043 0.822099 0.183849 1 
-0.81104 -0.625897 -0.386053 -0.117737 0.672665 -0.340644 -0.626839 0.520535 -0.610593 -0.551048 -0.561407 -0.639027 -0.697566 -0.0617305 0.126654 0.044866 -0.151303 -0.0850121 1 
-1.2968 -0.787975 -1.84438 -1.64139 -1.10213 -0.557978 -1.10811 1.54466 -0.996375 -0.551048 -1.48513 -1.09179 -0.543939 1.80818 0.329975 -0.626933 -2.09811 -1.69818 0 
-1.05392 -1.11213 -1.21032 -1.16338 -0.848585 -0.340644 -1.40891 1.80069 -1.38216 -1.23996 -1.64439 -1.25026 -0.943368 -1.13025 2.76982 -0.514967 0.984333 0.72157 3 
2.10354 1.31904 1.64292 1.25654 -0.0879604 0.528691 1.14787 -1.14366 0.932534 1.30901 0.903802 1.10977 1.26885 -1.13025 2.97314 -1.18677 1.14657 1.25929 2 
1.13201 1.80527 1.13568 0.479775 -0.341502 0.528691 1.41858 -1.27168 1.31832 1.72236 0.967506 1.38143 1.36103 0.338965 1.75322 -0.179067 -0.47577 -0.219442 3 
-0.203837 -0.950053 -0.386053 0.330397 1.17975 -0.557978 -0.50652 0.264505 -0.610593 -1.17107 -0.306588 -0.508857 -0.974093 -0.0617305 -0.0766656 0.156833 0.984333 0.58714 1 
-0.689599 -0.625897 -0.132432 -0.655496 0.0388104 -0.12331 -0.686998 0.520535 -0.610593 -0.275483 -0.625112 -0.689963 -0.421038 -0.195296 -0.483306 0.380766 -0.151303 0.183849 0 
-1.17536 -1.11213 -1.40054 -1.22313 -0.721814 -0.775311 -1.10811 1.16061 -0.996375 -1.23996 -1.29401 -1.01256 -1.03554 0.338965 0.329975 -0.962833 -0.638004 -1.02602 3 
-0.568159 -0.139663 -0.132432 0.659028 0.545894 -0.557978 -0.205723 -0.119542 -0.224811 -0.344374 0.0119352 -0.248518 0.162742 -0.863122 1.34658 -0.179067 0.822099 0.452709 3 
-0.0823959 0.346571 0.12119 1.07729 1.17975 -0.340644 0.215394 -0.631603 0.16097 0.275646 0.0437876 0.204245 0.807973 -0.328861 0.126654 0.716665 1.47103 0.72157 1 
1.25345 1.15696 1.19908 1.10716 0.0388104 0.311358 0.877148 -1.01565 0.932534 0.895666 0.585278 0.832455 0.900149 -1.13025 -0.889946 -0.850866 0.984333 1.12486 3 
-1.53968 -0.301741 -0.893296 -0.625621 0.292352 -0.340644 -0.566679 0.520535 -0.610593 -0.275483 -0.433998 -0.622048 -0.113785 1.00679 -1.09327 -1.18677 -1.1247 -1.42932 1 
-0.689599 0.0224151 -0.00562104 -0.416492 -0.721814 -0.12331 -0.44636 0.264505 -0.610593 0.0689726 -0.274736 -0.469241 -0.144511 -0.462426 -0.686626 -1.4107 -0.151303 -0.353873 2 
1.13201 0.994884 1.4527 0.151143 -0.721814 0.528691 1.2381 -1.14366 1.31832 1.03345 1.06306 1.18901 1.4532 0.0718348 0.329975 -0.403 -0.313537 0.0494182 2 
-1.2968 0.184493 -0.893296 -0.894501 -0.341502 -0.557978 -0.566679 0.39252 -0.610593 -0.137701 -0.529555 -0.588091 0.254918 0.2054 -0.279986 -1.0748 -0.638004 -0.622733 1 
-1.78257 -1.11213 -1.71757 -1.46214 -0.848585 -0.775311 -0.807317 0.904582 -0.610593 -1.37774 -1.13475 -0.820132 -0.912642 1.14036 -0.483306 -1.18677 -1.44917 -1.69818 2 
0.403367 1.6432 1.32589 0.838281 0.165581 0.528691 1.3885 -1.27168 1.31832 1.65347 0.967506 1.34181 1.36103 0.338965 -0.279986 1.2765 -0.638004 -0.219442 3 
-1.2968 -0.950053 -0.829891 -1.25301 -0.975356 -0.775311 -1.01788 1.0326 -0.996375 -1.17107 -1.07105 -0.938983 -0.390313 -0.462426 1.95654 -0.7389 -0.313537 -0.757164 3 
0.524807 -1.11213 -0.639675 0.688903 0.926206 -0.775311 -0.0854037 -0.375572 -0.224811 -1.17107 0.0119352 -0.0730724 -1.12772 -0.328861 -1.09327 -1.0748 1.7955 0.856 1 
-0.446718 0.508649 -0.322648 -1.10363 -0.721814 0.311358 -0.356121 0.39252 -0.224811 1.10234 -0.625112 -0.486219 0.377819 0.739661 -1.09327 -1.0748 -1.1247 -0.622733 0 
-1.05392 -0.301741 -1.02011 -1.37251 -0.848585 -0.340644 -0.566679 0.520535 -0.610593 -0.137701 -0.529555 -0.644687 -0.0523347 1.40749 -0.483306 0.268799 -1.44917 -1.69818 1 
-1.53968 0.0224151 -0.893296 -0.446368 0.926206 2.91936 -0.5366 0.520535 -0.610593 -0.0688097 -0.0836219 -0.593751 0.347094 2.07531 -1.09327 -0.291034 -1.44917 -1.42932 1 
-0.446718 0.508649 0.184595 -0.356741 0.292352 0.528691 -0.235802 0.264505 -0.224811 1.30901 -0.433998 -0.367369 0.347094 0.2054 -0.686626 0.380766 -0.638004 -0.0850121 0 
1.25345 1.31904 1.64292 1.04741 0.292352 0.528691 1.5389 -1.27168 1.7041 1.65347 1.19047 1.5116 0.869424 -0.195296 1.5499 1.9483 0.0109306 0.990431 2 
0.160485 -0.301741 0.882054 0.987659 0.419123 0.311358 0.60643 -0.759619 0.546752 -0.344374 0.903802 0.532499 -0.267412 -0.195296 -0.0766656 1.6124 0.173164 0.183849 3 
-0.0823959 -0.463819 1.00887 0.688903 0.165581 0.0940239 0.486111 -0.631603 0.546752 -0.68883 0.553426 0.385351 -0.0523347 -0.328861 0.736615 0.940598 0.0109306 0.183849 2 
-0.81104 -1.11213 -0.70308 -1.37251 -1.10213 -0.12331 -0.957716 1.0326 -0.996375 -1.44663 -0.975488 -0.922004 -0.912642 0.338965 -1.29659 -0.403 -1.28694 -1.29489 2 
1.25345 1.80527 0.882054 1.85405 1.56006 0.528691 1.5389 -1.3997 1.7041 1.65347 1.09492 1.54556 1.3303 0.0718348 -0.0766656 0.380766 -0.47577 -0.0850121 3 
0.160485 -0.625897 -0.00562104 0.0316412 0.419123 0.0940239 -0.717078 0.648551 -0.610593 -0.206592 -0.816226 -0.712601 -1.06627 -1.13025 -0.483306 -0.514967 1.63327 1.52815 0 
1.37489 1.48112 1.4527 1.31629 0.672665 0.311358 0.937307 -1.01565 0.932534 1.03345 0.808245 0.88905 1.2074 -0.595992 0.736615 0.828632 0.173164 0.318279 3 
1.49633 1.6432 0.882054 0.808406 -0.214731 0.746025 1.56898 -1.3997 1.7041 1.72236 1.15862 1.5682 1.2074 -0.0617305 0.533295 0.044866 -0.47577 0.0494182 3 
-0.932481 -0.950053 0.12119 -0.595745 -0.595044 -0.12331 -0.386201 0.264505 -0.224811 -1.03329 -0.115474 -0.463581 -0.543939 0.2054 -1.29659 1.16453 -0.962471 -0.757164 3 
0.160485 0.670727 0.628433 0.718779 0.0388104 0.311358 0.275553 -0.503588 0.16097 0.413428 0.362311 0.215564 -0.113785 -1.13025 -0.889946 -1.4107 1.47103 1.39372 3 
0.646248 1.96735 1.13568 0.24077 -0.975356 0.963359 1.65922 -1.3997 1.7041 2.75573 1.09492 1.61913 1.17668 -0.0617305 -0.483306 -0.626933 -0.638004 0.318279 3 
-0.568159 -0.463819 -1.02011 -1.31276 -1.10213 -0.340644 -1.13819 1.28863 -0.996375 -0.275483 -0.848079 -1.05217 -0.390313 0.0718348 0.736615 0.492732 -0.151303 -0.622733 0 
0.160485 0.670727 -0.00562104 -0.894501 -0.721814 0.528691 -0.295962 0.264505 -0.224811 0.964558 -0.497703 -0.423964 0.316369 0.338965 0.126654 -0.291034 -1.1247 -0.622733 0 
0.403367 -1.27421 -0.766486 0.121268 0.545894 -0.340644 -0.5366 0.264505 -0.610593 -1.30885 -0.688817 -0.531496 -1.7115 -0.996688 -1.29659 0.380766 1.95773 1.66258 1 
0.767689 0.346571 -0.766486 0.479775 1.05298 -0.340644 -0.205723 -0.119542 -0.224811 0.344537 -0.306588 -0.191923 -0.0830599 -0.595992 0.533295 -0.7389 1.7955 1.25929 1 
1.73921 0.670727 1.70632 1.04741 -0.0879604 0.528691 1.29826 -1.27168 1.31832 0.757884 1.28603 1.2739 1.23813 -0.195296 1.95654 -0.179067 0.173164 0.452709 2 
-0.203837 0.184493 0.0577843 -0.446368 -0.721814 -0.557978 -0.265882 0.00847383 -0.224811 8.14316e-05 -0.115474 -0.327752 0.285643 -0.195296 0.736615 -0.850866 -0.47577 -0.622733 2 
-1.41824 -1.43629 -1.97119 -1.64139 -1.10213 -0.992645 -1.01788 1.16061 -0.996375 -1.51552 -1.23031 -0.97294 -0.943368 1.80818 1.75322 -0.962833 -1.28694 -1.83261 2 
2.10354 2.12943 1.4527 0.420023 -1.35567 -0.557978 2.89249 -1.91176 3.24723 1.79125 3.06976 3.27172 2.46714 1.67462 -0.483306 -0.514967 -1.28694 -1.69818 1 
-0.81104 0.0224151 -1.02011 -0.894501 -0.468273 -0.12331 -0.867477 0.776566 -0.996375 8.14316e-05 -0.656965 -0.825792 0.00911589 0.0718348 -0.686626 -0.0671005 -0.151303 0.0494182 0 
0.0390448 0.184493 -0.322648 0.00176569 -0.214731 -0.12331 -0.326042 0.136489 -0.224811 8.14316e-05 -0.242884 -0.378688 0.193468 -0.729557 1.14325 -1.18677 0.659865 0.452709 2 
0.160485 -0.301741 -0.386053 -0.804874 -0.595044 0.311358 -0.5366 0.39252 -0.610593 0.0689726 -0.497703 -0.571112 -0.482489 -0.195296 -0.889946 1.16453 -0.313537 0.58714 0 
-0.446718 -0.139663 -0.639675 -0.356741 0.292352 -0.12331 -0.957716 0.904582 -0.996375 -0.275483 -0.943636 -0.888047 -0.113785 -0.996688 0.533295 -0.962833 1.14657 0.990431 0 
-0.0823959 -1.76044 -1.02011 -0.864625 -0.721814 -0.340644 -1.16827 1.28863 -0.996375 -1.92887 -1.19845 -1.06915 -1.86513 -1.39738 -0.279986 1.83633 1.95773 1.52815 3 
-0.0823959 -0.950053 0.311406 0.420023 0.292352 -0.12331 0.00483551 -0.119542 -0.224811 -0.964395 0.362311 -0.10137 -0.789741 -0.0617305 0.126654 1.38846 -0.151303 -0.0850121 2 
-0.568159 0.184493 0.12119 -0.177488 0.545894 0.528691 -0.295962 0.264505 -0.224811 0.757884 -0.497703 -0.406986 0.0398412 -0.0617305 -1.09327 0.828632 -0.47577 0.183849 0 
1.49633 1.48112 1.19908 1.58517 0.672665 0.746025 1.59906 -1.3997 1.7041 1.72236 1.25418 1.59083 0.777248 -0.328861 -0.686626 -0.962833 -0.313537 0.72157 2 
-0.932481 -1.43629 -0.259243 -0.685372 -0.468273 -0.340644 -1.01788 1.16061 -0.996375 -1.65331 -1.07105 -0.961621 -0.820467 -0.863122 -1.29659 1.38846 0.173164 -0.0850121 2 
-1.05392 -1.43629 -1.02011 -1.37251 -0.848585 -0.775311 -1.46907 1.9287 -1.38216 -1.37774 -1.54883 -1.28987 -1.3428 0.0718348 -1.09327 0.604699 -0.47577 -0.757164 0 
1.25345 0.994884 1.64292 0.718779 -0.341502 0.528691 1.44866 -1.27168 1.31832 1.03345 1.38159 1.43803 0.869424 -0.0617305 1.75322 1.05256 0.173164 0.72157 2 
-0.81104 -1.27421 -1.40054 -1.10363 -0.595044 -0.557978 -1.22843 1.41664 -0.996375 -1.30885 -1.1029 -1.11443 -1.31207 -0.195296 -1.09327 0.156833 -0.47577 -0.488303 2 
-1.41824 -1.43629 -1.78097 -1.55176 -1.10213 -0.340644 -1.31867 1.67267 -0.996375 -1.51552 -1.35772 -1.19366 -1.43497 0.739661 -1.09327 -0.850866 -1.44917 -1.56375 2 
1.37489 1.80527 1.00887 1.19679 0.292352 0.528691 1.44866 -1.27168 1.31832 1.72236 1.15862 1.44935 1.26885 -0.0617305 -0.889946 0.716665 -0.151303 0.452709 3 
-1.66112 -0.950053 -1.40054 -1.40239 -0.721814 -0.557978 -0.897556 1.0326 -0.996375 -1.17107 -1.19845 -0.899366 -1.00482 1.00679 -1.29659 -0.850866 -1.61141 -1.29489 3 
1.49633 1.48112 1.13568 1.73455 0.672665 -0.992645 2.44129 -1.78374 2.47566 0.964558 2.9105 2.73406 2.68222 2.07531 -0.279986 -0.179067 -1.1247 -1.83261 1 
-1.53968 0.184493 -0.70308 -0.83475 -0.0879604 -0.340644 -0.47644 0.39252 -0.610593 8.14316e-05 -0.370293 -0.525836 0.469995 1.00679 -1.09327 0.156833 -1.1247 -1.16045 1 
0.767689 0.994884 1.70632 1.64492 0.672665 0.0940239 1.44866 -1.3997 1.31832 0.964558 1.5727 1.49462 0.9616 -0.0617305 -0.0766656 0.604699 0.0109306 0.452709 3 
-0.689599 -0.139663 -0.70308 -0.715248 -0.721814 -0.12331 -0.807317 0.904582 -0.610593 -0.344374 -0.943636 -0.814473 -0.0216094 -0.595992 0.126654 0.604699 -0.151303 0.183849 3 
0.0390448 0.670727 0.311406 -0.29699 0.292352 0.311358 -0.356121 0.264505 -0.224811 0.688993 -0.306588 -0.435283 0.869424 0.338965 -0.483306 -1.4107 -0.962471 -0.219442 0 
0.646248 -0.301741 0.438217 0.77853 0.165581 -0.12331 0.516191 -0.759619 0.546752 -0.275483 0.680835 0.458925 -0.267412 -0.595992 -0.0766656 0.044866 0.335398 0.452709 2 
-0.446718 0.346571 0.184595 -0.715248 -0.468273 0.0940239 -0.50652 0.39252 -0.610593 0.48232 -0.433998 -0.537155 0.285643 0.0718348 -0.483306 -1.18677 -0.47577 0.183849 0 
0.0390448 0.346571 0.184595 4.90136 9.67339 8.78738 -0.416281 0.264505 -0.610593 0.48232 4.1846 -0.486219 0.377819 8.35288 1.14325 -0.403 -0.151303 0.0494182 0 
0.767689 1.96735 1.57951 1.13704 0.165581 0.528691 1.74946 -1.3997 1.7041 2.2046 1.44529 1.78892 0.930874 -0.0617305 -0.0766656 0.716665 -0.47577 0.318279 3 
-0.932481 -0.463819 -1.08351 -1.67127 -1.48244 -0.12331 -0.50652 0.520535 -0.610593 -0.482157 -0.625112 -0.610729 -0.113785 1.67462 -0.483306 0.380766 -1.61141 -1.69818 1 
-0.325277 -1.11213 -0.766486 -0.267114 0.545894 3.57136 -0.867477 0.776566 -0.996375 -0.619939 -0.848079 -0.814473 -1.37352 -0.729557 -0.483306 -0.179067 0.497632 0.856 0 
-0.0823959 -0.139663 0.501622 -0.087861 0.419123 0.311358 -0.47644 0.39252 -0.610593 0.551211 -0.59326 -0.520177 -0.974093 -0.863122 0.533295 0.492732 0.822099 0.990431 0 
-0.932481 0.346571 -0.449459 -0.117737 0.799435 -0.557978 -0.44636 0.264505 -0.610593 -0.137701 -0.402146 -0.4749 0.469995 0.2054 0.126654 -1.0748 -0.151303 -0.219442 1 
-0.446718 0.670727 0.0577843 0.539526 0.165581 -0.340644 0.215394 -0.503588 0.16097 0.413428 0.521573 0.153309 1.4532 -0.328861 -1.09327 -1.18677 0.0109306 -0.0850121 2 
0.403367 -1.27421 -0.386053 0.00176569 -0.214731 -0.12331 -0.235802 0.00847383 -0.224811 -1.17107 0.0119352 -0.276816 -1.18917 -0.0617305 -1.29659 -1.4107 -0.151303 -0.488303 3 
1.73921 1.96735 1.51611 0.24077 -1.35567 -0.775311 2.62177 -1.91176 2.86144 1.51569 3.06976 2.97742 2.65149 1.94175 0.939935 -1.18677 -1.1247 -1.96704 1 
-0.568159 -0.625897 -0.449459 -0.207363 0.545894 -0.775311 -0.47644 0.264505 -0.610593 -0.826612 -0.433998 -0.497538 -0.636115 -0.0617305 -0.889946 -1.4107 -0.151303 -0.0850121 1 
0.524807 -1.11213 -0.766486 0.50965 0.799435 -0.557978 -0.145563 -0.247557 -0.224811 -0.826612 0.0119352 -0.152306 -1.40425 -0.195296 -0.686626 0.492732 1.7955 0.990431 1 
-0.81104 -0.463819 -1.14692 -0.56587 0.292352 0.311358 -1.07803 1.16061 -0.996375 -0.482157 -1.00734 -0.989919 -0.482489 -0.729557 0.126654 -1.4107 0.659865 0.72157 0 
1.61777 1.31904 1.64292 1.31629 0.292352 0.746025 1.11779 -1.14366 0.932534 1.03345 0.871949 1.05884 0.838698 -0.996688 2.97314 1.05256 0.822099 1.25929 2 
-1.05392 -1.27421 -0.132432 -0.326865 -0.341502 -0.12331 -0.47644 0.39252 -0.610593 -1.51552 -0.306588 -0.520177 -1.18917 -0.462426 -0.0766656 0.940598 0.335398 0.183849 3 
0.889129 1.15696 1.4527 -0.207363 -1.10213 0.311358 1.29826 -1.27168 1.31832 1.03345 1.19047 1.29654 0.900149 0.2054 1.14325 -0.179067 -0.47577 -0.219442 3 
0.281926 -0.950053 -0.322648 -0.267114 0.0388104 -0.12331 -0.867477 0.776566 -0.996375 0.137864 -0.879931 -0.825792 -1.55787 -1.39738 1.75322 -1.0748 1.95773 1.66258 0 
1.13201 0.508649 1.19908 1.04741 0.0388104 0.746025 0.937307 -1.01565 0.932534 0.688993 0.840097 0.877731 -0.328862 -0.863122 0.329975 1.05256 0.497632 0.856 3 
-0.689599 -0.787975 -0.576269 0.121268 0.799435 -0.340644 -0.566679 0.39252 -0.610593 -0.757721 -0.46585 -0.559793 -0.728291 -0.462426 -0.889946 0.828632 1.14657 0.58714 1 
-1.66112 -1.11213 -1.14692 -1.16338 -0.341502 -0.12331 -1.04796 1.28863 -0.996375 -1.51552 -1.1666 -1.02388 -1.2199 0.472531 -1.09327 1.16453 -1.61141 -1.02602 3 
-0.325277 -1.11213 -0.449459 -0.984128 -1.10213 -0.557978 -0.747158 0.776566 -0.610593 -1.17107 -0.752522 -0.763537 -0.789741 -0.462426 -1.09327 -0.626933 -0.47577 -0.622733 2 
-0.932481 0.0224151 -0.70308 -0.416492 0.545894 -0.340644 -0.686998 0.520535 -0.610593 -0.275483 -0.688817 -0.667325 0.0398412 -0.0617305 -0.279986 -0.7389 0.0109306 0.0494182 1 
-0.932481 -1.11213 0.248 0.181019 -0.214731 0.0940239 0.0349152 -0.247557 0.16097 -0.964395 0.07564 -0.0391151 -1.12772 -0.595992 -1.09327 1.72436 0.335398 0.452709 2 
-0.568159 0.0224151 -0.322648 0.569401 0.292352 0.0940239 -0.235802 0.00847383 -0.224811 0.206755 0.0437876 -0.282476 -0.0216094 -0.863122 -0.483306 -1.18677 0.822099 0.72157 2 
-1.90401 -1.43629 -1.97119 -1.58164 -0.721814 -0.992645 -1.46907 2.05672 -1.38216 -1.65331 -1.70809 -1.30685 -1.2199 1.54105 -1.09327 -0.0671005 -1.93587 -1.56375 3 
-1.66112 -0.301741 -0.70308 -1.07375 -0.214731 -0.340644 -0.566679 0.520535 -0.610593 -0.137701 -0.59326 -0.622048 0.0398412 1.14036 -0.0766656 0.268799 -1.44917 -1.56375 1 
-0.689599 -1.43629 -0.259243 -0.267114 0.0388104 -0.557978 -0.867477 0.904582 -0.996375 -1.7222 -0.879931 -0.865409 -1.40425 -0.863122 -0.483306 2.50813 0.822099 0.856 3 
-1.05392 0.0224151 -0.00562104 -1.07375 -0.721814 0.528691 -0.295962 0.264505 -0.224811 0.551211 -0.59326 -0.440943 -0.0523347 0.472531 0.736615 0.940598 -0.962471 -0.353873 0 
0.889129 1.31904 1.64292 0.449899 -0.975356 0.746025 1.41858 -1.27168 1.31832 1.65347 0.999359 1.38709 0.377819 -0.595992 -0.483306 1.2765 0.173164 0.72157 3 
-0.568159 -0.139663 -0.766486 -0.326865 0.292352 -0.557978 -0.837397 0.776566 -0.996375 -0.344374 -0.784374 -0.797494 -0.0523347 -0.863122 0.533295 -0.179067 0.659865 0.452709 1 
0.281926 -1.43629 -0.512864 0.420023 1.05298 -0.557978 -0.596759 0.264505 -0.610593 -1.44663 -0.338441 -0.559793 -1.4657 -0.462426 -1.29659 0.492732 1.95773 1.25929 1 
-0.81104 -0.301741 -0.766486 0.00176569 1.30652 -0.340644 -0.50652 0.39252 -0.610593 -0.206592 -0.370293 -0.559793 -0.113785 0.472531 -0.0766656 -0.0671005 -0.800238 -1.16045 1 
-0.0823959 -1.76044 -0.639675 -0.745123 -0.721814 -0.557978 -1.07803 1.16061 -0.996375 -1.7222 -0.975488 -1.00124 -1.52715 -1.26382 -0.279986 0.828632 1.7955 1.39372 2 
0.281926 -0.950053 -1.52735 -1.55176 -1.35567 -0.557978 -1.07803 1.41664 -0.996375 -0.619939 -1.1029 -1.04651 -0.759016 1.80818 -0.0766656 -1.4107 -1.28694 -1.83261 0 
0.524807 0.508649 1.19908 0.77853 -0.0879604 0.528691 1.14787 -1.27168 0.932534 0.275646 1.22233 1.18901 0.562171 -0.195296 -0.279986 -0.626933 0.0109306 0.0494182 3 
-0.446718 -1.76044 -1.02011 -0.326865 -0.341502 -0.340644 -0.867477 0.776566 -0.996375 -1.65331 -0.752522 -0.803154 -1.77295 -1.53095 -1.09327 -1.0748 1.95773 1.52815 2 
-1.05392 0.0224151 -0.766486 -1.46214 -0.975356 -0.340644 -0.596759 0.520535 -0.610593 -0.206592 -0.625112 -0.644687 0.347094 1.14036 0.329975 -0.962833 -1.28694 -1.56375 1 
-0.325277 -0.625897 0.691838 0.838281 0.419123 0.0940239 0.425952 -0.631603 0.16097 -0.757721 0.426016 0.362713 -0.66684 -0.863122 0.939935 1.2765 0.659865 0.58714 3 
-0.568159 -1.43629 -0.829891 -0.804874 -0.595044 -0.340644 -1.01788 1.16061 -0.996375 -1.51552 -1.1029 -0.984259 -1.43497 -0.863122 -0.686626 2.6201 0.659865 0.990431 3 
1.49633 1.31904 1.00887 1.01753 0.165581 0.528691 1.5389 -1.3997 1.7041 1.30901 1.25418 1.52858 1.2074 -0.195296 0.736615 1.2765 -0.151303 0.183849 3 
-0.932481 -1.11213 0.438217 0.210895 -0.341502 0.0940239 0.00483551 -0.247557 -0.224811 -1.10218 0.0437876 -0.0674128 -0.820467 -0.729557 0.126654 2.2842 0.659865 0.856 3 
2.22498 0.832805 1.3893 0.838281 -0.468273 0.528691 1.17795 -1.14366 1.31832 0.757884 1.09492 1.12675 0.347094 -0.729557 1.75322 1.05256 0.335398 0.856 2 
-1.17536 -1.27421 -0.766486 -0.715248 0.0388104 0.0940239 -0.987796 0.904582 -0.996375 -0.964395 -0.943636 -0.905026 -1.06627 -0.595992 0.939935 -0.403 0.822099 0.856 0 
1.25345 1.31904 1.64292 1.10716 -0.0879604 0.528691 1.44866 -1.27168 1.31832 1.3779 1.19047 1.43803 1.05378 -0.729557 -1.29659 -0.403 -0.151303 0.72157 2 
0.646248 0.346571 0.565027 1.70467 1.56006 -0.775311 0.997467 -1.14366 0.932534 8.14316e-05 1.44529 1.07016 0.347094 0.873227 -0.483306 -0.179067 0.497632 -0.622733 1 
-1.17536 -1.11213 0.0577843 -0.83475 -0.975356 -0.340644 -0.596759 0.520535 -0.610593 -1.10218 -0.370293 -0.639027 -0.789741 0.2054 -0.0766656 1.83633 -0.638004 -0.622733 2 
-1.05392 -0.463819 -0.766486 -1.16338 -0.721814 -0.340644 -0.566679 0.520535 -0.610593 -0.206592 -0.370293 -0.633367 -0.0830599 1.27392 0.736615 0.156833 -1.28694 -1.42932 1 
1.25345 0.994884 1.4527 -0.0281099 -0.975356 0.311358 1.17795 -1.14366 1.31832 0.964558 0.999359 1.13807 1.42248 -0.0617305 0.533295 0.828632 -0.313537 0.183849 2 
-1.05392 -1.27421 -0.893296 -0.715248 -0.214731 -0.557978 -1.16827 1.28863 -0.996375 -1.23996 -1.23031 -1.05783 -1.65005 -0.996688 -0.686626 0.156833 0.984333 0.990431 0 
-0.0823959 -0.463819 -1.14692 -1.37251 -1.35567 -0.340644 -1.01788 1.28863 -0.996375 -0.275483 -0.784374 -1.0069 -0.60539 0.739661 1.95654 -0.0671005 -0.638004 -1.42932 0 
-1.17536 -0.787975 -0.70308 -1.13351 -0.848585 -0.340644 -0.566679 0.520535 -0.610593 -0.964395 -0.688817 -0.622048 -0.298137 1.00679 1.14325 -1.29873 -1.44917 -1.29489 3 
-0.325277 0.670727 0.248 0.77853 0.165581 -0.12331 0.245473 -0.503588 0.16097 0.551211 0.457868 0.187267 0.807973 -0.729557 0.126654 -0.850866 0.497632 0.318279 3 
0.524807 0.346571 1.70632 0.987659 -0.341502 0.528691 0.907227 -0.887634 0.932534 0.413428 0.585278 0.826795 -0.298137 -1.53095 -1.09327 2.2842 0.822099 1.66258 2 
0.889129 0.994884 1.00887 0.748655 -0.214731 0.311358 0.786909 -0.887634 0.546752 0.895666 0.967506 0.747562 1.36103 -0.729557 -1.29659 -0.291034 0.497632 0.72157 2 
-0.446718 0.346571 -0.576269 -0.984128 -0.468273 0.528691 -0.235802 0.136489 -0.224811 0.344537 -0.529555 -0.361709 0.316369 0.606096 0.939935 -0.514967 -0.962471 -0.622733 0 
-0.325277 -1.43629 -1.40054 -1.28288 -0.721814 -0.557978 -1.49915 1.9287 -1.38216 -1.23996 -1.58068 -1.29553 -1.74223 -0.729557 -0.0766656 0.156833 0.497632 0.318279 0 
0.646248 0.832805 0.374811 1.04741 0.292352 0.311358 0.486111 -0.759619 0.546752 0.757884 0.648983 0.436287 0.562171 -0.863122 1.14325 -0.179067 0.822099 0.72157 3 
1.01057 1.31904 1.19908 2.06318 1.30652 -0.992645 2.08034 -1.65573 2.08988 1.03345 2.49642 2.28696 2.06771 1.67462 0.126654 1.05256 -0.800238 -1.56375 1 
-0.568159 0.184493 -0.512864 -1.014 -0.341502 0.0940239 -0.356121 0.39252 -0.224811 0.688993 -0.59326 -0.4749 0.0705665 0.873227 1.14325 -1.0748 -0.800238 -0.622733 0 
0.889129 1.15696 1.19908 0.838281 0.0388104 0.0940239 0.57635 -0.759619 0.546752 0.964558 0.61713 0.492882 0.869424 -0.729557 1.5499 0.268799 0.659865 0.856 2 
0.160485 1.96735 1.3893 1.76442 1.56006 0.311358 1.29826 -1.27168 1.31832 1.86014 1.12677 1.3022 1.48393 0.2054 -1.29659 -0.962833 -0.47577 -0.353873 3 
0.889129 1.31904 0.565027 0.748655 0.419123 -0.557978 1.05763 -1.14366 0.932534 0.895666 1.34973 1.10977 1.2074 0.739661 -0.279986 0.156833 0.497632 -0.488303 1 
-0.325277 -0.950053 -0.00562104 -0.147612 0.799435 0.311358 -0.777237 0.648551 -0.610593 -0.757721 -0.784374 -0.746558 -0.513214 -0.595992 1.34658 -0.403 0.335398 0.72157 0 
-0.325277 0.184493 -0.449459 0.479775 1.68683 -0.340644 -0.44636 0.136489 -0.610593 -0.0688097 -0.338441 -0.440943 0.531446 -0.0617305 0.329975 -0.514967 0.497632 0.452709 1 
0.0390448 -1.27421 -0.512864 0.00176569 -0.341502 -0.340644 -0.205723 0.00847383 -0.224811 -1.03329 -0.338441 -0.259837 -1.37352 -1.26382 -0.0766656 -0.7389 1.47103 1.12486 3 
-0.203837 -1.11213 -0.512864 0.270646 0.0388104 0.0940239 -0.235802 0.00847383 -0.224811 -0.895504 -0.242884 -0.293795 -1.31207 -1.26382 0.126654 1.83633 1.3088 1.39372 3 
0.160485 -0.301741 -0.70308 -0.29699 0.292352 -0.557978 -0.717078 0.520535 -0.610593 -0.482157 -0.625112 -0.667325 -0.113785 -0.729557 0.329975 -0.962833 0.984333 0.58714 1 
1.49633 1.15696 1.19908 1.31629 0.292352 0.528691 0.967387 -1.01565 0.932534 0.688993 0.808245 0.945646 0.900149 -0.996688 -0.889946 -0.962833 0.497632 1.12486 2 
-1.53968 -0.301741 -0.893296 -0.894501 0.0388104 -0.340644 -0.596759 0.648551 -0.610593 -0.206592 -0.529555 -0.661665 -0.113785 1.40749 -1.09327 0.156833 -1.44917 -1.56375 1 
-0.203837 -0.301741 -0.766486 -1.34263 -1.2289 -0.557978 -0.897556 1.0326 -0.996375 -0.275483 -0.784374 -0.893707 -0.0830599 0.873227 -0.483306 0.380766 -0.962471 -1.42932 0 
-1.2968 0.0224151 -0.576269 -0.237239 0.799435 -0.12331 -0.807317 0.648551 -0.996375 -0.275483 -0.625112 -0.763537 0.132017 -0.195296 0.736615 -1.0748 0.335398 0.452709 0 
1.13201 1.96735 1.4527 1.55529 0.926206 0.528691 1.47874 -1.3997 1.31832 1.72236 1.19047 1.50594 2.31351 0.0718348 0.736615 -1.18677 -0.313537 -0.0850121 3 
0.524807 -0.463819 0.501622 0.688903 -0.0879604 0.0940239 0.275553 -0.503588 0.16097 -0.275483 0.0119352 0.226884 -1.12772 -1.53095 -0.686626 -0.514967 1.63327 1.66258 2 
-0.446718 -0.625897 -1.27373 -0.655496 -0.214731 -0.557978 -1.22843 1.41664 -0.996375 -0.482157 -1.26216 -1.09745 -0.543939 -1.53095 1.34658 -0.962833 1.95773 1.66258 0 
1.49633 1.15696 1.57951 1.25654 0.0388104 -0.12331 0.937307 -1.01565 0.932534 0.895666 0.935654 0.917348 0.777248 -0.729557 0.533295 0.492732 0.822099 0.72157 3 
0.403367 0.346571 -0.0690264 0.420023 0.292352 -0.12331 -0.0252442 -0.247557 -0.224811 0.137864 0.139345 -0.0787319 0.224193 -0.328861 0.939935 -1.18677 0.497632 0.318279 3 
-1.05392 -0.787975 -1.02011 -1.43226 -1.2289 -0.992645 -0.50652 0.39252 -0.610593 -1.03329 -0.59326 -0.565453 -0.359587 1.94175 1.34658 -1.0748 -1.44917 -1.69818 3 
0.767689 0.670727 -0.132432 1.10716 1.05298 -0.557978 0.425952 -0.759619 0.16097 0.551211 0.553426 0.436287 0.715797 0.0718348 -0.686626 0.044866 1.47103 0.452709 1 
-1.41824 -0.301741 -0.70308 -0.446368 0.799435 -0.340644 -0.566679 0.520535 -0.610593 -0.344374 -0.561407 -0.622048 -0.0523347 0.739661 0.126654 -0.179067 -1.28694 -1.29489 1 
-1.90401 -0.301741 -0.766486 -0.655496 0.419123 -0.12331 -0.656919 0.648551 -0.610593 -0.206592 -0.625112 -0.684303 -0.205961 0.606096 -1.09327 -0.0671005 -1.28694 -1.29489 1 
0.281926 1.48112 1.3893 0.181019 -0.468273 0.311358 1.3885 -1.27168 1.31832 1.86014 1.03121 1.37011 1.4532 0.338965 1.34658 1.16453 -0.47577 -0.219442 3 
1.37489 0.994884 1.64292 0.957783 0.0388104 0.528691 1.5389 -1.3997 1.7041 1.03345 1.38159 1.53424 0.838698 -0.0617305 1.14325 0.380766 0.0109306 0.58714 2 
-0.203837 -0.787975 -1.27373 -0.745123 -0.341502 -0.12331 -1.25851 1.41664 -1.38216 -0.619939 -1.26216 -1.12575 -0.759016 -1.39738 1.34658 -1.29873 2.44444 1.93144 0 
-1.17536 0.0224151 -1.02011 -0.446368 0.419123 -0.557978 -0.717078 0.648551 -0.610593 -0.275483 -0.656965 -0.72392 0.0705665 0.0718348 -0.889946 -1.0748 -0.800238 -1.02602 1 
0.403367 0.832805 1.64292 1.25654 0.419123 0.311358 1.35842 -1.27168 1.31832 0.551211 1.38159 1.37577 1.3303 -0.0617305 0.126654 1.83633 -0.151303 0.183849 3 
-0.568159 -0.463819 -0.132432 -0.535994 0.0388104 -0.557978 -0.747158 0.648551 -0.610593 -0.619939 -0.720669 -0.746558 -0.144511 0.2054 2.15986 0.044866 -0.638004 -0.891594 2 
-0.932481 -0.301741 -0.893296 -0.506119 0.0388104 -0.340644 -0.566679 0.39252 -0.610593 -0.413265 -0.306588 -0.582432 -0.328862 0.338965 -0.483306 -0.403 -0.151303 -0.488303 1 
0.160485 0.184493 1.4527 1.49554 0.799435 0.0940239 0.967387 -1.01565 0.932534 8.14316e-05 1.09492 0.917348 0.807973 -0.462426 -0.279986 2.84403 0.335398 0.856 3 
-0.81104 -0.139663 -1.08351 -1.34263 -0.721814 -0.557978 -0.596759 0.648551 -0.610593 -0.275483 -0.59326 -0.672984 -0.113785 1.94175 -0.483306 -0.0671005 -1.61141 -1.83261 1 
-1.41824 0.0224151 -1.02011 2.48144 8.15214 9.43938 -0.626839 0.520535 -0.610593 -0.275483 1.54085 -0.644687 0.316369 6.21584 -1.09327 -1.29873 -1.28694 -1.42932 1 
0.160485 -0.463819 0.184595 0.151143 0.545894 0.0940239 -0.47644 0.39252 -0.610593 -0.275483 -0.656965 -0.525836 -0.759016 -0.996688 0.939935 -0.850866 1.14657 1.12486 0 
0.0390448 -0.463819 -0.893296 -0.56587 0.292352 -0.340644 -1.22843 1.41664 -0.996375 -0.344374 -1.1029 -1.09745 -0.482489 -0.462426 1.5499 -0.850866 0.497632 0.0494182 0 
-0.203837 -1.11213 -1.40054 -1.16338 0.0388104 -0.775311 -1.64955 2.18474 -1.38216 -1.10218 -1.70809 -1.39175 -1.15844 -0.0617305 1.5499 -0.850866 0.173164 -0.219442 0 
1.01057 0.0224151 0.0577843 0.868157 0.419123 -0.775311 0.756829 -1.01565 0.546752 -0.137701 1.15862 0.7702 -0.236686 0.873227 -1.29659 1.6124 0.659865 -0.622733 1 
1.73921 1.31904 1.32589 0.987659 0.292352 0.311358 1.5389 -1.3997 1.7041 1.3779 1.12677 1.53424 1.2074 0.0718348 0.939935 -0.291034 -0.151303 0.452709 2 
0.646248 0.184493 1.4527 1.19679 0.292352 0.528691 0.847068 -0.887634 0.932534 0.275646 0.74454 0.76454 -0.482489 -0.996688 -1.29659 2.2842 0.822099 1.25929 3 
-1.05392 -0.950053 -0.322648 -0.535994 -0.341502 -0.12331 -0.566679 0.520535 -0.610593 -0.964395 -0.402146 -0.616389 -1.28135 0.0718348 -1.29659 0.380766 -0.800238 -0.353873 3 
-1.66112 -0.139663 -0.893296 -1.014 -0.341502 -0.12331 -0.566679 0.520535 -0.610593 -0.206592 -0.59326 -0.627708 -0.0523347 1.00679 0.126654 -0.0671005 -1.44917 -1.42932 1 
0.646248 0.508649 -0.195837 0.898032 0.799435 -0.557978 0.486111 -0.759619 0.546752 0.344537 0.426016 0.475904 -0.113785 0.2054 -0.279986 -0.514967 0.984333 -0.0850121 1 
-0.568159 -0.787975 -0.322648 -0.29699 0.419123 0.0940239 -0.747158 0.648551 -0.610593 -0.482157 -0.656965 -0.712601 -0.974093 -0.328861 -1.29659 -0.850866 0.173164 0.58714 0 
0.0390448 0.508649 0.0577843 -0.207363 0.292352 0.311358 -0.386201 0.264505 -0.610593 0.344537 -0.370293 -0.469241 0.377819 0.2054 -0.483306 0.156833 -0.638004 0.0494182 0 
-2.02545 -1.11213 -0.449459 -0.745123 -0.341502 -0.557978 -0.656919 0.648551 -0.610593 -1.10218 -0.688817 -0.706942 -1.18917 1.00679 1.95654 0.828632 -1.28694 -1.16045 3 
-0.689599 -1.59837 -2.03459 -1.43226 -0.468273 -0.775311 -1.64955 2.31275 -1.38216 -1.79109 -1.80365 -1.40307 -1.12772 0.2054 2.97314 -0.962833 -1.1247 -1.16045 3 
-0.0823959 -0.301741 0.184595 -1.07375 -0.975356 0.311358 -0.416281 0.39252 -0.610593 0.344537 -0.46585 -0.503198 -0.298137 0.338965 1.14325 0.044866 -0.800238 0.0494182 0 
0.160485 0.346571 0.374811 -0.207363 0.292352 0.528691 -0.295962 0.264505 -0.224811 0.620102 -0.402146 -0.390007 0.316369 -0.195296 1.14325 0.044866 0.0109306 0.318279 0 
0.767689 0.0224151 1.13568 1.19679 0.419123 -0.12331 0.967387 -1.14366 0.932534 -0.0688097 1.34973 0.968284 0.43927 -0.0617305 -0.279986 -0.850866 0.0109306 -0.0850121 3 
1.86065 1.31904 1.70632 1.55529 0.926206 0.746025 1.56898 -1.27168 1.7041 1.4468 1.19047 1.5399 1.14595 -0.0617305 1.34658 1.72436 -0.151303 0.72157 2 
-1.05392 -0.301741 -1.14692 -1.22313 -0.721814 -0.12331 -0.566679 0.648551 -0.610593 -0.275483 -0.656965 -0.656006 -0.0523347 1.27392 0.533295 0.156833 -1.44917 -1.56375 1 
-0.0823959 0.670727 -0.195837 0.330397 0.419123 -0.340644 0.125154 -0.503588 0.16097 0.688993 0.0119352 0.130671 0.592896 -0.328861 -0.279986 -0.291034 1.3088 0.856 1 
-0.568159 -1.27421 -1.78097 -1.49201 -1.10213 -0.775311 -1.04796 1.16061 -0.996375 -1.44663 -1.19845 -0.984259 -0.881917 0.873227 1.95654 0.156833 -0.800238 -1.42932 2 
-0.446718 0.508649 -0.259243 -0.804874 -0.341502 0.528691 -0.265882 0.264505 -0.224811 0.826775 -0.497703 -0.395666 0.316369 0.472531 0.736615 -0.179067 -0.962471 -0.488303 0 
-0.203837 -0.787975 -0.00562104 -0.177488 0.165581 0.0940239 -0.686998 0.520535 -0.610593 -0.551048 -0.752522 -0.684303 -1.15844 -1.13025 0.533295 -1.4107 1.63327 1.39372 0 
-0.446718 -1.43629 -1.59076 -1.16338 -0.595044 -0.557978 -1.43899 1.9287 -1.38216 -1.44663 -1.64439 -1.26724 -1.31207 -0.595992 3.17646 1.16453 0.173164 -0.0850121 2 
-1.05392 0.0224151 -0.70308 -0.56587 0.165581 -0.12331 -0.777237 0.648551 -0.610593 -0.0688097 -0.561407 -0.752218 0.132017 -0.0617305 -0.889946 -1.0748 -0.313537 0.0494182 0 
-0.446718 0.184493 -0.132432 -0.774999 0.0388104 0.528691 -0.295962 0.264505 -0.224811 0.551211 -0.625112 -0.418305 0.347094 0.2054 2.15986 -0.626933 -0.638004 -0.353873 0 
-0.568159 -0.463819 -0.766486 -0.625621 0.0388104 -0.340644 -0.656919 0.520535 -0.610593 -0.344374 -0.402146 -0.661665 -0.66684 0.472531 -0.889946 -0.7389 -0.47577 -0.891594 1 
-1.05392 -0.625897 -1.02011 -0.416492 0.419123 2.91936 -0.596759 0.520535 -0.610593 -0.619939 -0.497703 -0.622048 -0.60539 0.338965 -0.0766656 0.380766 -0.800238 -0.622733 1 
0.403367 0.0224151 0.374811 0.121268 0.672665 0.311358 -0.356121 0.264505 -0.224811 0.620102 -0.497703 -0.423964 -0.543939 -0.729557 0.329975 -0.0671005 0.497632 0.58714 0 
0.767689 0.508649 0.818649 1.19679 0.799435 -0.340644 0.907227 -1.14366 0.932534 0.137864 0.871949 0.934327 0.777248 0.0718348 0.126654 -0.179067 0.497632 -0.219442 1 
0.767689 0.184493 1.3893 0.449899 -0.214731 0.0940239 0.847068 -0.887634 0.932534 -0.0688097 1.06306 0.781519 0.715797 0.0718348 1.34658 0.044866 0.0109306 0.183849 2 
-0.932481 -1.43629 -0.322648 -0.117737 -0.214731 -0.340644 -0.566679 0.520535 -0.610593 -1.37774 -0.46585 -0.616389 -1.3428 -0.863122 -1.29659 2.17223 1.14657 0.990431 2 
0.403367 -0.463819 1.19908 0.50965 -0.341502 0.0940239 0.516191 -0.631603 0.546752 -0.68883 0.61713 0.40233 -0.205961 -0.729557 0.126654 3.17993 0.822099 1.39372 2 
0.524807 -0.950053 -0.893296 -1.43226 -1.60921 -0.340644 -1.04796 1.28863 -0.996375 -0.413265 -0.784374 -1.01256 -1.25062 0.338965 -0.483306 -1.29873 -0.47577 -1.29489 0 
1.01057 1.48112 1.13568 -0.177488 -1.10213 0.311358 1.32834 -1.27168 1.31832 1.72236 0.967506 1.29654 0.807973 0.472531 1.14325 1.6124 -0.313537 -0.0850121 3 
-0.568159 0.346571 0.0577843 4.57273 9.03954 8.57004 -0.326042 0.264505 -0.224811 1.03345 1.28603 -0.429624 0.0398412 3.2774 -1.29659 0.156833 -0.800238 -0.219442 0 
-0.932481 0.508649 -0.449459 -0.984128 -0.468273 0.311358 -0.235802 0.264505 -0.224811 1.03345 -0.59326 -0.390007 0.316369 0.338965 -0.686626 -1.29873 -0.962471 -0.488303 0 
-0.81104 -0.463819 -1.14692 -0.56587 0.292352 0.311358 -1.07803 1.16061 -0.996375 -0.413265 -1.00734 -0.995578 -0.482489 -0.729557 0.126654 -1.29873 0.659865 0.72157 0 
-0.689599 -1.27421 -1.21032 -1.16338 -0.468273 -0.775311 -1.31867 1.67267 -0.996375 -1.23996 -1.51698 -1.188 -0.912642 0.2054 1.5499 0.828632 -0.800238 -1.02602 2 
-0.325277 -0.463819 -0.132432 -0.207363 0.545894 -0.12331 -0.626839 0.39252 -0.610593 -0.206592 -0.561407 -0.616389 -0.851192 -0.328861 -0.686626 -0.850866 0.0109306 0.452709 0 
-0.446718 -1.27421 -0.132432 0.0615168 -0.468273 0.0940239 -0.356121 0.136489 -0.224811 -1.10218 -0.529555 -0.378688 -1.8344 -1.66451 -0.686626 0.604699 1.95773 1.79701 2 
-1.53968 -0.463819 -1.21032 -1.31276 -0.848585 -0.12331 -0.596759 0.648551 -0.610593 -0.206592 -0.720669 -0.678644 -0.0830599 1.80818 0.126654 -0.626933 -1.61141 -1.83261 1 
1.49633 0.670727 1.57951 0.748655 -0.595044 0.528691 1.35842 -1.27168 1.31832 0.895666 1.12677 1.3022 -0.0830599 -0.729557 -1.29659 2.956 0.497632 1.39372 3 
-1.66112 -0.301741 -0.893296 -1.46214 -0.975356 -0.12331 -0.566679 0.520535 -0.610593 -0.206592 -0.561407 -0.627708 0.0398412 1.67462 -0.483306 -0.514967 -1.61141 -1.69818 1 
0.160485 0.0224151 -0.132432 0.50965 0.0388104 -0.340644 -0.145563 -0.119542 -0.224811 -0.206592 -0.0199171 -0.191923 0.101292 -0.996688 0.939935 0.604699 1.63327 1.12486 3 
1.13201 1.48112 1.57951 1.46567 0.292352 0.746025 1.59906 -1.3997 1.7041 1.79125 1.03121 1.63045 0.746523 -0.729557 -1.29659 0.604699 0.0109306 0.58714 3 
0.767689 0.184493 0.184595 -0.147612 0.292352 0.528691 -0.175643 0.136489 -0.224811 1.03345 -0.402146 -0.299454 -0.144511 -0.195296 2.36318 -1.4107 0.0109306 0.0494182 0 
-0.325277 -0.787975 -0.386053 0.0615168 0.672665 -0.340644 -0.596759 0.39252 -0.610593 -0.895504 -0.625112 -0.610729 -0.943368 -0.595992 -0.483306 0.492732 0.497632 0.58714 1 
-0.446718 -0.301741 -0.639675 0.0913924 -0.341502 -0.12331 -0.44636 0.136489 -0.610593 -0.275483 -0.46585 -0.452262 -0.513214 -1.53095 1.75322 -0.403 2.2822 1.79701 2 
-0.0823959 -1.43629 -1.14692 -0.117737 0.926206 -0.12331 -0.987796 1.0326 -0.996375 -0.826612 -0.879931 -0.910685 -1.4657 -0.729557 -0.889946 1.83633 0.659865 1.12486 0 
1.25345 0.832805 0.882054 1.25654 0.419123 0.311358 0.546271 -0.759619 0.546752 0.551211 0.585278 0.492882 0.623621 -0.996688 -0.686626 -0.626933 0.984333 1.39372 2 
0.0390448 -0.139663 0.12119 1.40592 1.56006 -0.557978 0.456031 -0.759619 0.546752 -0.206592 0.61713 0.481563 -0.636115 0.0718348 -0.483306 1.05256 1.14657 0.183849 1 
-0.0823959 -1.59837 -0.639675 0.0913924 0.0388104 -0.340644 -0.596759 0.39252 -0.610593 -1.65331 -0.625112 -0.59941 -1.52715 -1.39738 -0.279986 1.9483 2.2822 1.93144 3 
1.49633 0.670727 1.51611 1.25654 0.292352 0.0940239 1.17795 -1.14366 1.31832 0.688993 1.12677 1.16071 0.285643 -0.595992 -1.09327 1.2765 0.173164 0.856 2 
-0.568159 -0.787975 -0.195837 -0.446368 0.292352 0.0940239 -0.747158 0.648551 -0.610593 -0.619939 -0.656965 -0.72958 -0.789741 -0.195296 0.329975 -0.626933 -0.151303 0.183849 0 
1.9821 1.80527 1.32589 1.61505 0.292352 -0.775311 2.44129 -1.91176 2.47566 1.4468 2.9105 2.76236 1.97553 1.67462 -0.483306 -0.7389 -0.800238 -1.69818 1 
-1.05392 -1.43629 -0.259243 -0.595745 -0.848585 -0.340644 -0.656919 0.520535 -0.610593 -1.37774 -0.656965 -0.672984 -1.25062 -1.13025 0.736615 1.2765 1.3088 0.990431 3 
-0.0823959 -0.463819 -0.766486 -1.13351 -0.721814 -0.340644 -1.25851 1.54466 -0.996375 -0.206592 -1.03919 -1.13141 -0.697566 0.2054 -0.279986 -0.962833 0.0109306 -0.757164 0 
-0.81104 -0.950053 -0.512864 -0.506119 -0.468273 -0.557978 -0.5366 0.39252 -0.610593 -0.826612 -0.46585 -0.582432 -1.06627 -0.328861 -1.09327 2.2842 -0.313537 0.0494182 2 
-0.325277 0.0224151 -0.449459 -0.446368 -0.595044 -0.557978 -0.566679 0.39252 -0.610593 -0.137701 -0.59326 -0.593751 0.162742 -0.863122 1.95654 -1.18677 0.659865 0.318279 3 
-1.41824 -1.11213 -1.84438 -1.31276 -0.341502 -0.775311 -1.07803 1.28863 -0.996375 -1.37774 -1.1666 -1.02388 -0.881917 1.94175 -1.29659 -1.4107 -1.93587 -1.69818 3 
1.61777 1.15696 1.19908 1.46567 0.292352 0.528691 0.997467 -1.01565 0.932534 1.10234 0.967506 0.962625 0.531446 -0.996688 2.15986 -1.18677 1.3088 1.39372 3 
0.524807 -0.950053 -0.0690264 0.659028 0.292352 0.0940239 -0.0854037 -0.119542 -0.224811 -0.68883 -0.147327 -0.140987 -1.3428 -1.39738 0.329975 0.716665 1.3088 1.25929 2 
-1.05392 -0.787975 -0.639675 -0.894501 -0.341502 -0.775311 -1.10811 1.16061 -0.996375 -0.895504 -0.943636 -1.01822 -0.759016 -0.595992 -0.686626 -0.403 0.335398 -0.0850121 2 
0.524807 1.48112 1.3893 0.50965 -0.341502 0.311358 1.32834 -1.14366 1.31832 1.65347 1.09492 1.2739 1.29958 0.0718348 -1.09327 1.50043 -0.47577 -0.0850121 3 
1.13201 1.48112 0.565027 0.300521 -0.595044 0.528691 1.5389 -1.27168 1.7041 1.51569 0.999359 1.5116 0.715797 -0.0617305 -1.09327 2.17223 -0.47577 0.318279 3 
-0.203837 -1.43629 -0.259243 -0.117737 -0.595044 -0.12331 -0.47644 0.264505 -0.610593 -1.37774 -0.625112 -0.514517 -1.55787 -1.66451 -0.483306 0.716665 2.2822 2.06587 2 
1.9821 0.994884 1.3893 0.659028 -0.595044 0.746025 1.32834 -1.27168 1.31832 0.964558 1.19047 1.32484 0.469995 -0.595992 2.36318 -1.18677 0.335398 0.452709 2 
-1.41824 0.0224151 -0.893296 -0.894501 0.292352 -0.557978 -0.656919 0.648551 -0.610593 -0.344374 -0.625112 -0.678644 0.285643 1.00679 -1.29659 -1.29873 -1.28694 -1.56375 1 
0.524807 -1.11213 -0.766486 -1.31276 -1.2289 -0.12331 -1.16827 1.54466 -0.996375 -0.619939 -1.00734 -1.11443 -1.31207 0.2054 -1.29659 0.044866 -0.47577 -1.42932 0 
1.73921 0.994884 1.32589 0.838281 -0.214731 0.528691 1.26818 -1.27168 1.31832 0.826775 1.06306 1.25126 0.377819 -0.729557 0.126654 -1.0748 0.173164 0.58714 3 
1.49633 1.48112 1.32589 -0.237239 -1.86275 -0.992645 2.35105 -1.78374 2.47566 1.24012 2.46457 2.55862 2.06771 1.67462 -0.483306 -0.179067 -1.28694 -1.69818 1 
0.0390448 0.0224151 -0.0690264 -0.087861 0.672665 0.0940239 -0.717078 0.648551 -0.610593 -0.0688097 -0.784374 -0.718261 0.132017 -0.863122 0.939935 0.156833 0.822099 0.856 0 
0.281926 0.670727 1.00887 0.539526 -0.341502 -0.557978 1.32834 -1.27168 1.31832 0.275646 1.25418 1.35879 1.0845 0.606096 0.329975 1.72436 -0.151303 -0.891594 1 
-0.0823959 0.508649 0.12119 -0.56587 0.165581 0.528691 -0.386201 0.39252 -0.224811 1.17123 -0.561407 -0.486219 0.408545 0.0718348 0.329975 0.268799 -0.638004 -0.0850121 0 
-0.689599 -0.787975 -0.259243 0.50965 1.43329 -0.557978 -0.326042 0.00847383 -0.224811 -0.964395 -0.115474 -0.344731 -0.820467 0.0718348 -1.09327 -0.179067 0.659865 0.183849 1 
-1.17536 -0.950053 0.501622 0.330397 -0.214731 -0.340644 0.245473 -0.503588 0.16097 -1.17107 0.648983 0.164629 -0.912642 -0.195296 -0.483306 2.84403 0.173164 0.318279 3 
-0.568159 -0.139663 -0.639675 -0.267114 0.545894 -0.340644 -0.747158 0.648551 -0.610593 -0.0688097 -0.720669 -0.72392 -0.175236 -0.462426 0.939935 -1.29873 0.335398 0.318279 1 
-0.0823959 -1.27421 -0.576269 0.151143 0.799435 -0.340644 -0.5366 0.264505 -0.610593 -1.17107 -0.433998 -0.525836 -1.2199 -0.595992 -1.09327 1.05256 1.14657 1.25929 1 
-0.568159 -0.139663 -0.766486 -0.954252 -0.468273 -0.557978 -0.987796 1.0326 -0.996375 -0.137701 -0.656965 -0.944642 -0.267412 0.739661 0.736615 -1.0748 -0.47577 -1.16045 0 
1.01057 1.48112 1.51611 1.55529 0.799435 0.528691 1.14787 -1.14366 1.31832 1.10234 1.25418 1.12109 1.94481 -0.195296 -1.29659 1.50043 0.0109306 0.58714 2 
-1.90401 -1.43629 -1.40054 -1.58164 -0.721814 -0.557978 -1.37883 1.80069 -1.38216 -1.65331 -1.51698 -1.23894 -1.65005 0.739661 -0.686626 0.380766 -1.77364 -1.42932 3 
-0.325277 -0.463819 -1.02011 0.00176569 0.545894 -0.340644 -0.717078 0.39252 -0.610593 -0.551048 -0.625112 -0.650346 -0.482489 -0.729557 -0.483306 -1.4107 1.95773 1.52815 1 
-1.17536 -1.59837 -1.84438 -1.40239 -0.595044 -0.992645 -1.58939 2.31275 -1.38216 -1.7222 -1.70809 -1.38043 -1.43497 0.472531 0.736615 1.6124 -0.962471 -0.757164 2 
1.13201 0.184493 1.51611 1.19679 0.545894 0.311358 1.02755 -1.01565 0.932534 0.0689726 0.903802 0.973944 1.0845 -0.328861 0.533295 -0.291034 0.335398 0.452709 2 
0.767689 -0.625897 -0.449459 1.07729 1.17975 -0.775311 0.215394 -0.631603 0.16097 -0.68883 0.489721 0.221224 -0.728291 -0.0617305 0.126654 0.716665 1.3088 0.183849 1 
-0.325277 -0.463819 -0.0690264 0.718779 0.926206 -0.775311 0.00483551 -0.375572 -0.224811 -0.757721 -0.147327 -0.0334555 -0.574664 -0.595992 -0.686626 1.16453 1.47103 1.12486 1 
0.524807 0.0224151 -0.386053 -0.087861 -0.214731 -0.340644 -0.356121 0.136489 -0.224811 8.14316e-05 -0.147327 -0.390007 0.347094 -0.462426 1.34658 -0.291034 0.173164 0.0494182 3 
