-0.481401 0.156076 -1.13471 0.359543 -3.14163 -2.42521 0 
0.705633 -0.933228 -0.353672 -0.404713 -0.894126 2.54792 2 
1.27977 0.274864 -0.981447 0.10866 -3.13952 -4.05361 0 
-0.0245241 -1.10385 0.0758906 0.572032 -1.92509 2.24066 2 
-1.25005 -2.47529 0.203595 0.500431 2.01552 -2.41747 2 
0.169954 -0.308847 -0.150998 0.0605256 0.590331 -0.0615751 2 
1.00553 -0.437458 -1.54374 -0.32922 -2.41514 -1.97523 0 
0.379629 -1.16029 -1.0358 -0.453227 0.944685 -0.0499713 0 
-0.0282535 -0.182908 0.32089 0.0275384 -2.32356 1.17905 3 
0.318439 0.20334 0.131266 -0.00208648 -1.04833 4.45651 2 
-1.89485 -0.697986 -0.84757 -0.840758 -0.806623 0.357925 0 
0.285563 -0.998021 0.0563792 0.19428 3.04744 -2.21874 1 
0.368314 -2.08533 -0.573127 0.165278 -0.0162973 2.62217 3 
-1.14991 1.20174 0.244811 0.140972 -2.89246 0.524732 3 
-0.148465 1.6448 -6.56052 0.585604 2.01291 4.00833 0 
1.67315 -0.00861785 -0.314523 0.142388 -2.13414 -2.75355 3 
0.320372 -0.189936 0.603794 -0.632112 -1.03375 -1.6941 2 
1.20312 1.04617 -0.325072 -0.76191 0.435533 5.44435 3 
0.167116 1.05368 0.289068 -0.919967 1.56444 -1.63598 1 
0.01083 0.343014 0.191286 -0.331903 -0.390199 2.57914 1 
-0.211842 -0.877307 0.188682 0.34504 2.99578 -2.06726 1 
-0.0458722 -0.294183 0.317295 -1.13642 -0.642262 -1.23881 1 
0.133026 -0.797971 -0.622335 -0.74908 0.920154 -0.332907 0 
-0.0746795 1.48963 -7.09514 -0.539527 1.8763 2.88436 0 
0.760356 0.728855 -0.60523 -0.169804 1.71384 -0.806909 0 
-0.00418959 -1.01397 1.64031 1.67246 2.80547 6.52259 1 
0.23249 1.16109 0.722321 -0.231719 -2.4826 -0.814093 1 
-0.621995 -0.625758 0.215167 0.53913 2.95861 -2.63929 1 
1.56803 -0.204014 -0.753639 0.139505 -1.21489 -3.30767 3 
-1.18839 0.933926 2.29211 0.45554 2.68411 7.36856 1 
-0.36249 0.335066 0.559863 0.323441 1.73883 -5.08551 2 
-0.758356 -2.37271 -0.979169 0.533309 -1.69407 2.99124 2 
1.14886 0.40335 -0.351181 -0.074617 -3.24321 -0.469837 2 
0.00820217 -0.984935 -0.468714 -0.581973 0.507718 -1.31583 1 
0.013453 -0.112012 -0.159578 0.279806 -1.67712 3.3561 2 
0.164872 1.4026 -0.642037 0.119658 1.76251 -0.84264 0 
0.509305 -0.208655 0.0770575 -0.0276318 -2.23913 0.918523 2 
-1.08778 0.486457 0.05686 0.735684 2.07259 -2.8711 0 
1.42915 0.0557382 0.659108 -0.0197192 -0.0594283 -2.19048 2 
1.7419 0.258931 0.20801 -0.981505 -2.06451 -1.75044 1 
1.26345 -0.00345193 -0.0925516 -0.478996 1.11536 -2.17527 1 
-0.0614454 -1.56188 -0.0014661 0.400137 0.77209 0.152708 3 
-1.34762 0.272083 0.245852 0.798426 -0.0993758 4.03105 3 
-0.00564573 0.0690883 0.768308 0.245479 -0.288343 3.56685 2 
-0.00203724 -2.32313 -0.80134 0.571676 -0.896451 0.828418 3 
-1.2247 -1.75038 -1.71718 0.0674136 -3.08308 -1.59203 0 
1.33152 -0.260328 0.0765174 0.778085 1.12497 3.39828 3 
-1.57 -1.35666 -0.200287 0.311296 0.144351 4.64232 2 
-1.73546 -0.147338 0.451157 -11.9288 0.526718 0.453283 0 
-0.364821 0.382275 -0.960435 0.516173 -2.28919 -4.27725 0 
-0.461068 -0.836514 -0.845763 0.411773 1.66023 -0.262121 0 
-0.251751 2.03598 0.756352 -0.24644 -1.86578 0.632275 3 
-0.0121113 -0.362804 0.963639 0.836526 1.58292 4.62125 1 
0.73762 -0.085979 0.164243 -0.244673 0.576988 3.71769 2 
0.517219 -0.85302 0.425934 0.343038 -1.11098 2.4653 2 
-0.864722 0.140427 0.0759044 0.34487 -0.86818 4.74924 2 
1.05177 -1.23652 -0.92697 -1.03925 -2.0834 -0.682802 1 
-0.852373 1.11806 0.768708 -0.259793 -0.306299 4.83412 3 
1.49427 0.224544 0.0349366 0.234433 -2.22379 0.0637224 2 
0.797365 -0.782751 -0.499905 -0.799754 -1.27198 0.36471 1 
-1.5198 0.686074 0.600879 1.49124 0.354896 4.42226 3 
-0.548882 -0.911121 -0.0770001 0.0545145 0.291536 4.17539 2 
-0.222176 2.16836 0.995052 -0.0357161 -0.955616 -1.053 3 
0.021438 0.781029 0.212635 -0.671459 -0.703666 4.98198 2 
-1.55696 -1.51898 -0.934863 -0.531126 0.230384 -0.242039 0 
0.693429 -0.0756552 0.128156 0.410928 -1.7209 2.01891 3 
1.10105 0.373526 -1.01414 -0.332979 -0.304756 -0.407765 0 
0.59412 0.995251 -0.202147 0.361774 -0.462309 -3.36342 0 
0.332083 1.7413 0.591554 0.0357789 -1.89963 2.93831 2 
1.05165 -0.561165 -0.874903 -0.767706 -2.46642 -0.560675 1 
-1.20184 1.94009 0.51378 0.547249 -0.281272 -4.23314 3 
0.756105 0.647048 0.929463 -0.918585 -0.451616 3.2877 3 
-1.69261 1.64481 -0.0198493 0.476089 0.103709 4.96737 3 
-0.0759974 1.1387 2.00205 1.69678 2.60804 4.74854 1 
-0.308156 1.61708 -7.56353 -0.858215 2.2104 1.6177 0 
0.311565 1.03879 2.22027 1.98097 3.07838 6.75369 1 
0.53283 0.610685 0.225017 0.139316 3.3339 -4.03497 0 
-1.25427 -0.790492 0.758052 0.919772 0.0936728 -2.40261 3 
0.301824 0.915213 0.300796 -0.275802 -0.457448 3.54636 2 
-1.16651 0.625963 0.841004 1.75817 1.62704 3.56002 1 
0.61377 -0.701016 1.02337 0.481637 0.951817 3.59031 1 
0.612428 0.228032 -0.842353 -0.560703 -1.21254 -0.650267 0 
-0.0633889 -1.2055 0.125429 0.52829 -0.376285 4.19554 2 
0.0133793 1.10758 0.0897296 -0.342526 -1.59273 -2.14769 1 
1.65936 -0.0457757 -0.534488 0.48092 -0.558433 -2.53012 3 
1.42598 0.121392 0.467165 -0.167626 -0.491847 2.36344 2 
-0.442397 1.51313 -7.22278 -0.773681 1.93258 2.74342 0 
1.06851 0.21359 0.310872 -0.508268 2.67759 -1.9141 1 
0.408306 -0.629511 -0.85204 0.0386608 -0.289903 -2.54595 0 
-0.590282 0.307594 0.044374 0.616325 2.8106 -2.40673 1 
1.6456 -0.0294732 -0.836963 -0.638133 -1.35155 -0.669563 0 
1.34004 -1.11486 -0.0962073 -0.619861 0.234658 2.20151 2 
-0.557423 1.71803 0.732256 0.735017 -1.30271 -0.174661 2 
-0.951601 -1.31161 0.229747 0.377571 1.86835 -5.3633 0 
-0.541866 -0.428473 0.0766061 0.524351 2.7425 -1.76737 1 
-2.12776 -0.539533 0.174128 0.0717215 -1.79593 5.43348 2 
-0.879209 0.496576 -0.731506 0.657554 1.85543 -0.995759 0 
-0.385836 -1.99437 -1.0215 0.10166 -1.25196 0.578829 2 
0.343893 0.451552 -0.29091 -0.423628 -0.0712051 -2.33569 1 
0.396712 -0.476727 -0.657543 0.122657 0.797757 -1.37968 0 
0.751503 -0.496132 1.05497 -0.784436 0.101598 2.62132 3 
-2.05201 -0.995834 0.841522 -0.0439329 1.75163 -3.88538 2 
0.196975 0.490935 -0.503396 0.665928 -0.569707 -3.25205 0 
-2.42243 -0.0356918 -0.0746428 -9.12284 1.07229 1.42966 0 
0.186238 0.0650874 0.321733 -0.171796 0.188556 -1.54665 1 
-0.80043 1.64686 -0.411137 0.393809 -1.6622 -3.29478 0 
-0.153963 -0.725793 1.60903 2.0244 2.92296 5.38416 1 
1.94986 -0.0631176 -0.102105 -0.322897 -1.87767 -2.12344 1 
1.42536 -0.490584 -0.121452 -0.264813 0.133785 2.63627 1 
-1.46828 -1.66718 0.0954265 0.781726 0.961818 -4.12136 2 
-1.74046 1.29507 0.83082 0.0567911 -2.55542 0.436003 2 
0.267917 0.671825 0.391785 0.366462 -1.8242 -0.272611 1 
-0.637369 0.311707 0.145718 0.614904 0.337306 4.196 2 
-0.323807 -2.10239 -0.522453 0.463104 -0.733124 -1.09669 3 
1.11653 0.948984 0.195691 -1.05481 -2.65813 -1.39943 1 
-0.304496 0.500189 -0.975232 0.156931 -3.22177 -3.21956 0 
0.854947 0.0700922 0.0245733 0.00571837 2.42512 -1.89862 1 
1.00649 -0.861622 -0.612179 -0.0213499 0.231224 -1.56739 1 
-0.709269 1.2149 0.965631 0.45226 -1.1491 3.61246 2 
0.760043 -0.498808 0.0660213 0.862234 -0.28066 3.64315 3 
-0.0734682 -1.98509 -0.751315 0.714933 -1.47454 3.00472 3 
-1.47007 1.0872 0.231309 0.515632 -2.45978 3.59214 3 
-0.134804 0.359863 -0.223391 0.00784177 -0.241158 1.80095 2 
-0.187094 1.41985 -0.306504 0.261557 0.840104 -0.449752 0 
-0.148602 0.662224 0.0731234 -0.297644 0.00412254 -2.22826 1 
-0.80293 -0.416098 -0.176063 -0.0641906 -0.937411 3.6551 3 
0.326259 1.1238 0.552351 0.411668 2.44838 -2.25578 1 
-0.31027 -0.57565 -0.529631 0.998067 1.99656 -3.30018 0 
0.294563 0.234367 -0.875289 0.101062 0.116823 -3.04448 0 
-1.16738 1.43676 -0.00903986 -0.0225868 -3.15087 1.87972 2 
-0.0441577 -0.726952 0.263971 0.500225 2.23944 -5.02023 0 
0.653211 -0.457939 0.969722 0.732738 1.68568 3.84056 1 
1.17218 0.910273 0.286601 -0.534115 0.135789 4.69833 2 
-0.920171 -0.071893 1.80516 1.77891 3.02691 7.26431 1 
0.237446 -0.525431 0.264684 0.0271793 3.02294 -2.40389 1 
0.685251 -1.70664 -0.286148 -0.300407 -0.316004 2.64462 2 
-0.285552 1.78153 0.905309 0.476348 -2.42571 -0.525357 2 
0.738544 -0.0159968 0.0140787 0.411843 3.18358 -2.3928 1 
-1.55352 -1.80199 -1.15172 0.571639 -3.01921 2.27784 3 
-0.634303 -0.348177 -0.391897 1.22954 0.154404 -1.61165 3 
0.347825 0.93137 -0.8857 -0.470235 -2.22136 -1.02727 0 
0.103585 0.532054 0.629669 0.340929 -1.22369 -1.50419 2 
-0.479406 1.50022 -7.48414 -0.12301 2.07792 1.92576 0 
-0.0281004 -1.21034 -0.566303 0.700611 -0.707343 2.6137 3 
-0.995541 0.351461 -0.0908319 0.00912528 0.000582098 5.43431 3 
0.489917 0.390342 0.621218 0.283489 2.96481 -2.52991 1 
0.380134 -0.275648 0.750203 1.56138 1.86332 5.22941 1 
0.144805 0.158154 -0.143235 0.248477 0.130353 4.99073 2 
-1.15591 -0.650619 -0.527905 0.619598 1.30267 -1.34242 0 
-0.719745 0.555879 0.745859 0.79781 0.663292 2.89051 1 
-0.558247 1.55169 -7.27451 -0.266643 2.04139 2.5167 0 
0.797966 0.180061 0.0563256 -0.380459 -0.082369 -1.93504 1 
0.504892 0.151926 0.0663633 -0.234234 -0.605292 -2.16774 1 
-0.287983 1.11471 0.343189 0.0830731 0.599555 -2.71876 3 
0.571212 0.14438 0.820473 -0.221393 2.3434 -4.3062 2 
-0.209738 -1.26823 -0.27408 0.892958 0.331504 4.32473 3 
-0.852516 0.0558381 -0.19454 -0.200165 0.563504 4.95318 3 
0.298088 0.0465138 1.53901 1.15993 2.38596 5.18652 1 
-2.61179 -1.46833 0.048521 0.364009 -1.99624 5.22011 2 
0.104144 -0.6224 -1.12073 0.562034 -2.44409 -1.0281 3 
-0.571007 1.58147 -7.37397 -0.244651 2.13243 2.1422 0 
-0.608917 -1.99096 -1.53276 0.787444 -2.98585 -2.72882 3 
-0.305178 2.23324 0.599124 -0.018908 -1.55718 2.02376 3 
-0.247626 -1.56693 0.743384 0.0200641 2.50606 -3.11317 2 
-0.868202 -1.20324 -1.06143 0.145939 -0.0915469 -0.83678 0 
1.14642 -0.792999 -0.327703 -0.230289 1.90049 -1.63536 1 
0.656982 -1.5825 -0.708056 0.0919756 -0.957794 1.53333 2 
0.581808 0.51547 0.772656 -0.265395 -0.568979 0.578143 3 
0.305851 -1.88802 -0.865253 -0.534961 -1.1086 -0.96759 1 
-2.05531 0.251911 0.714808 0.966319 -1.09971 3.94286 2 
1.43845 -0.21068 -0.27787 -0.0941031 -0.0157108 -1.01621 3 
1.45747 -0.208263 -0.581614 0.0717122 -2.03824 2.0831 3 
-1.60757 0.657556 0.0507328 1.03208 -0.168587 4.51165 2 
-1.66936 1.69262 0.747429 0.586025 -1.89469 2.74966 2 
1.19848 -0.407523 -0.50735 0.427599 -0.389896 0.31764 2 
-0.76484 -1.31612 -0.721139 0.123377 0.666961 -0.738809 0 
-1.42837 -0.981396 -0.0762635 0.405752 1.13646 -1.27215 3 
0.16839 -1.85517 -0.306394 0.282661 -0.269969 4.03961 2 
1.04391 0.207425 -0.646654 -0.340426 1.02194 -0.598426 0 
-1.95922 0.40259 0.810519 -0.362849 1.73572 -3.96288 2 
0.988891 -0.713 -0.0931367 -0.258457 1.67868 -2.0739 1 
-0.51949 -0.262686 -0.122076 0.55847 0.673015 -0.272153 3 
1.84263 0.203274 0.858636 -0.0458729 -1.06832 -0.238927 1 
0.792663 -0.883839 -0.394536 -0.469238 -1.47952 -0.112551 1 
0.779721 0.511107 -0.518009 -0.20994 -0.969674 -0.136797 0 
0.372267 -0.0281729 -0.500173 -0.682447 -1.92709 0.659449 1 
-1.12116 -0.113494 0.565877 0.228552 2.14324 -5.15121 0 
0.828084 1.20959 1.82218 1.22793 1.70249 4.37568 1 
0.926022 0.358127 -0.644663 -0.309874 0.332422 -2.16375 0 
-0.506204 0.334414 -0.250064 -0.262284 -0.837089 5.27067 3 
0.624771 0.358179 1.47391 1.566 2.20666 3.60999 1 
-0.169752 -1.96647 -0.659469 0.479291 0.61822 5.11277 3 
-0.679872 -0.630952 0.590429 0.295583 1.41463 -2.47576 3 
0.304165 1.51572 0.241496 -0.644251 0.541051 4.29604 2 
0.408921 0.217942 -0.336722 0.519294 0.804865 4.48903 3 
0.184557 0.095466 -0.966386 -0.484652 0.967682 -0.575312 0 
0.889186 0.221469 0.551834 -0.449632 -1.20715 1.41035 1 
0.960413 0.215948 0.398837 0.276519 3.33289 -2.66027 1 
1.79546 -0.180479 -0.112483 -0.296592 1.24053 4.27281 2 
-0.078811 0.960519 0.18783 -0.383154 0.367597 4.1007 3 
-0.285219 1.58529 -7.09005 -0.0427884 2.06701 2.80798 0 
0.167007 0.138768 0.128509 0.00972395 -0.426231 -2.89839 0 
1.06798 -0.112862 -0.833232 -0.340472 1.5374 -0.51906 0 
0.563914 0.266631 0.14378 -0.894707 2.1734 -1.3821 1 
-0.33311 -0.718254 -0.261403 -0.715668 0.586247 5.20791 3 
-0.316576 -0.927828 -0.406272 0.0306615 -0.695525 -0.150103 2 
-1.29207 0.172159 0.509825 0.909173 0.605522 -2.37307 3 
-0.440803 0.650021 0.169284 0.995606 -0.956301 3.63852 3 
-1.38867 0.0202274 -0.177839 1.09534 -0.197296 4.91739 2 
-1.0789 -1.5355 -1.13189 0.445297 -2.22993 -0.169965 2 
0.205943 0.244556 0.439367 0.13048 2.91308 -2.34137 1 
0.0421358 0.516974 0.0972051 1.05024 0.923851 4.12083 3 
0.258188 -1.53488 1.62482 2.43127 3.47285 5.35579 1 
1.10223 -0.720311 -0.363826 -0.485732 -0.737527 -0.539106 1 
-0.190444 1.61634 0.120187 -0.307515 -0.698761 4.65693 3 
0.83697 0.404503 -0.407143 0.3027 0.56814 -1.22354 0 
-0.802685 0.133429 0.465018 0.320252 2.4245 -5.16898 0 
-0.30067 2.25522 0.103237 1.30583 0.676265 4.07219 3 
1.15296 0.934176 -0.138653 -0.0942567 0.871455 4.7893 3 
0.388624 0.128784 0.245077 0.766799 1.02575 4.29295 3 
-1.35547 1.37989 0.732007 0.201668 0.833892 -3.99725 3 
-1.11129 0.15148 0.679137 0.66486 0.88866 -2.56571 2 
1.02769 0.892408 0.960426 -0.654758 -0.421324 2.14821 3 
-1.71324 -2.3172 0.0618743 0.527148 -0.31647 4.96143 2 
-0.545712 2.6565 0.480183 0.633173 -1.47639 3.96935 2 
-0.942124 2.12025 0.990149 0.22939 -1.7423 -2.24173 3 
-0.878601 0.599814 -0.763217 -0.204731 -0.505118 0.121732 0 
-1.61794 0.294004 -0.237767 0.868152 0.938403 4.39065 3 
-0.144458 -0.0166402 0.271983 0.312983 3.09933 -2.36239 1 
1.09206 0.609126 0.646843 0.574329 -1.09126 -1.79539 3 
-0.158393 2.26481 0.136943 0.914134 -0.00455552 4.58026 3 
-1.71304 2.28768 0.241023 0.254525 -3.16766 -1.42774 2 
0.0529565 -0.323061 -0.0858566 0.154618 -0.153022 -3.14074 0 
-0.217411 1.76231 1.14274 -0.164088 2.67084 -4.45938 3 
-1.645 -2.54642 -1.4724 0.492024 -3.48532 -1.12446 3 
-1.46373 -0.17455 -0.0648734 -0.125963 -1.12163 5.26247 2 
-0.599385 0.344408 0.735545 0.526189 1.34913 -2.32545 2 
1.04176 0.00758748 -1.12795 -0.197555 -2.90583 -2.70588 0 
-0.399354 0.501183 1.118 0.46421 -0.688731 -0.265822 2 
1.53528 0.0416044 -0.157599 0.209166 0.720359 -2.93965 0 
-1.02876 2.68812 0.181937 0.0645985 -2.34802 -2.84276 2 
-1.51813 -0.153685 0.243046 -9.28855 0.584101 0.633505 0 
0.634746 1.43035 0.0694923 0.43164 -1.00287 4.24632 3 
0.0723757 -0.458092 -0.312396 0.659031 -0.0873523 -0.606945 2 
-0.917089 -1.25963 0.649565 -0.234965 -0.706446 1.6073 2 
-1.23373 -0.235761 0.226346 1.06467 -1.34516 3.23052 3 
-0.313586 -0.206885 -0.772433 -0.518543 -2.11433 0.591411 1 
-0.438852 -0.383987 0.241499 0.404948 3.1753 -2.51563 1 
-0.874529 -0.706134 -0.307688 0.494959 -0.579403 0.940347 2 
-0.951395 1.64106 1.81371 2.26569 3.00619 5.93727 1 
0.694295 1.41654 0.258484 0.233241 -1.99068 3.34046 2 
-0.444037 -1.50826 -0.606694 0.140238 1.0633 -3.79039 0 
-1.11768 -0.931316 -0.0160656 0.921073 2.5507 -3.70308 0 
-0.793466 -1.33984 -0.904732 -0.374386 -1.67002 -0.181949 0 
0.246216 1.27428 -0.119047 -0.389726 0.198684 4.91011 2 
0.112947 -0.347783 -1.64946 0.251959 -2.63275 -3.5255 0 
0.663649 0.27636 0.406536 -0.388329 -0.518356 2.84956 3 
0.318755 -0.559054 1.29631 1.20632 2.83691 5.51542 1 
0.62365 -1.03753 -0.44099 -1.09322 -1.26183 -0.462516 1 
0.547151 0.216845 -0.885034 0.332484 -2.64581 -4.12702 0 
-0.110351 0.507628 0.22723 0.302006 -2.63731 -0.773517 2 
0.245127 0.804394 0.555441 -0.681949 -1.30472 -1.26535 2 
0.442349 0.406448 0.192434 -2.98579 0.78342 -1.14103 1 
-0.513029 0.177787 -0.815424 0.0872682 1.20222 -0.94535 0 
-1.93577 -0.0793146 0.279575 1.16794 2.36088 -3.11283 0 
0.355249 -0.638053 -0.982033 -0.0316776 -1.22485 -1.87152 1 
0.980682 -0.309907 0.198515 -1.17095 -1.40948 -1.40961 1 
1.31244 -0.143524 0.371521 0.658315 0.425417 3.79781 2 
0.0180139 -1.1701 -0.138162 0.528125 1.55775 -4.77819 0 
-1.20819 0.916197 0.46651 0.400207 1.41137 -3.16452 3 
-0.735508 -0.287981 1.04738 0.137014 -0.767592 -0.31029 2 
0.815486 0.485588 0.382772 -0.168871 3.32368 -2.18458 1 
-2.32082 -0.468434 0.449664 0.930188 -2.24136 3.32631 2 
0.13308 -1.19657 -0.461873 -0.130655 -0.480709 1.12969 3 
0.192647 -0.499309 1.43795 -0.555056 1.58719 6.08 1 
-0.132314 0.193107 0.176884 0.500532 0.604025 -3.21829 2 
0.915197 0.522267 0.22829 0.165193 3.43933 -2.44699 1 
1.49983 0.0224316 0.00817081 -0.943229 0.386351 4.6662 2 
1.07836 -0.190723 -0.151184 0.979317 1.29163 4.34219 3 
-0.195284 1.32912 1.29195 -0.921529 -0.255148 -0.645059 3 
-0.714347 0.824515 0.396902 0.380554 -0.261214 4.14894 2 
-2.19123 -0.223628 -0.192224 1.11423 -0.626658 -1.87651 3 
