-0.481401 0.156076 -1.13471 0.359543 -3.14163 -2.42521 0 
0.705633 -0.933228 -0.353672 -0.404713 -0.894126 2.54792 2 
1.27977 0.274864 -0.981447 0.10866 -3.13952 -4.05361 0 
-0.0245241 -1.10385 0.0758906 0.572032 -1.92509 2.24066 2 
-1.25005 -2.47529 0.203595 0.500431 2.01552 -2.41747 2 
0.169954 -0.308847 -0.150998 0.0605256 0.590331 -0.0615751 2 
1.00553 -0.437458 -1.54374 -0.32922 -2.41514 -1.97523 0 
0.379629 -1.16029 -1.0358 -0.453227 0.944685 -0.0499713 0 
-0.0282535 -0.182908 0.32089 0.0275384 -2.32356 1.17905 3 
0.318439 0.20334 0.131266 -0.00208648 -1.04833 4.45651 2 
-1.89485 -0.697986 -0.84757 -0.840758 -0.806623 0.357925 0 
0.285563 -0.998021 0.0563792 0.19428 3.04744 -2.21874 1 
0.368314 -2.08533 -0.573127 0.165278 -0.0162973 2.62217 3 
-1.14991 1.20174 0.244811 0.140972 -2.89246 0.524732 3 
-0.148465 1.6448 -6.56052 0.585604 2.01291 4.00833 0 
1.67315 -0.00861785 -0.314523 0.142388 -2.13414 -2.75355 3 
0.320372 -0.189936 0.603794 -0.632112 -1.03375 -1.6941 2 
1.20312 1.04617 -0.325072 -0.76191 0.435533 5.44435 3 
0.167116 1.05368 0.289068 -0.919967 1.56444 -1.63598 1 
0.01083 0.343014 0.191286 -0.331903 -0.390199 2.57914 1 
-0.211842 -0.877307 0.188682 0.34504 2.99578 -2.06726 1 
-0.0458722 -0.294183 0.317295 -1.13642 -0.642262 -1.23881 1 
0.133026 -0.797971 -0.622335 -0.74908 0.920154 -0.332907 0 
-0.0746795 1.48963 -7.09514 -0.539527 1.8763 2.88436 0 
0.760356 0.728855 -0.60523 -0.169804 1.71384 -0.806909 0 
-0.00418959 -1.01397 1.64031 1.67246 2.80547 6.52259 1 
0.23249 1.16109 0.722321 -0.231719 -2.4826 -0.814093 1 
-0.621995 -0.625758 0.215167 0.53913 2.95861 -2.63929 1 
1.56803 -0.204014 -0.753639 0.139505 -1.21489 -3.30767 3 
-1.18839 0.933926 2.29211 0.45554 2.68411 7.36856 1 
-0.36249 0.335066 0.559863 0.323441 1.73883 -5.08551 2 
-0.758356 -2.37271 -0.979169 0.533309 -1.69407 2.99124 2 
1.14886 0.40335 -0.351181 -0.074617 -3.24321 -0.469837 2 
0.00820217 -0.984935 -0.468714 -0.581973 0.507718 -1.31583 1 
0.013453 -0.112012 -0.159578 0.279806 -1.67712 3.3561 2 
0.164872 1.4026 -0.642037 0.119658 1.76251 -0.84264 0 
0.509305 -0.208655 0.0770575 -0.0276318 -2.23913 0.918523 2 
-1.08778 0.486457 0.05686 0.735684 2.07259 -2.8711 0 
1.42915 0.0557382 0.659108 -0.0197192 -0.0594283 -2.19048 2 
1.7419 0.258931 0.20801 -0.981505 -2.06451 -1.75044 1 
1.26345 -0.00345193 -0.0925516 -0.478996 1.11536 -2.17527 1 
-0.0614454 -1.56188 -0.0014661 0.400137 0.77209 0.152708 3 
-1.34762 0.272083 0.245852 0.798426 -0.0993758 4.03105 3 
-0.00564573 0.0690883 0.768308 0.245479 -0.288343 3.56685 2 
-0.00203724 -2.32313 -0.80134 0.571676 -0.896451 0.828418 3 
-1.2247 -1.75038 -1.71718 0.0674136 -3.08308 -1.59203 0 
1.33152 -0.260328 0.0765174 0.778085 1.12497 3.39828 3 
-1.57 -1.35666 -0.200287 0.311296 0.144351 4.64232 2 
-1.73546 -0.147338 0.451157 -11.9288 0.526718 0.453283 0 
-0.364821 0.382275 -0.960435 0.516173 -2.28919 -4.27725 0 
-0.461068 -0.836514 -0.845763 0.411773 1.66023 -0.262121 0 
-0.251751 2.03598 0.756352 -0.24644 -1.86578 0.632275 3 
-0.0121113 -0.362804 0.963639 0.836526 1.58292 4.62125 1 
0.73762 -0.085979 0.164243 -0.244673 0.576988 3.71769 2 
0.517219 -0.85302 0.425934 0.343038 -1.11098 2.4653 2 
-0.864722 0.140427 0.0759044 0.34487 -0.86818 4.74924 2 
1.05177 -1.23652 -0.92697 -1.03925 -2.0834 -0.682802 1 
-0.852373 1.11806 0.768708 -0.259793 -0.306299 4.83412 3 
1.49427 0.224544 0.0349366 0.234433 -2.22379 0.0637224 2 
0.797365 -0.782751 -0.499905 -0.799754 -1.27198 0.36471 1 
-1.5198 0.686074 0.600879 1.49124 0.354896 4.42226 3 
-0.548882 -0.911121 -0.0770001 0.0545145 0.291536 4.17539 2 
-0.222176 2.16836 0.995052 -0.0357161 -0.955616 -1.053 3 
0.021438 0.781029 0.212635 -0.671459 -0.703666 4.98198 2 
-1.55696 -1.51898 -0.934863 -0.531126 0.230384 -0.242039 0 
0.693429 -0.0756552 0.128156 0.410928 -1.7209 2.01891 3 
1.10105 0.373526 -1.01414 -0.332979 -0.304756 -0.407765 0 
0.59412 0.995251 -0.202147 0.361774 -0.462309 -3.36342 0 
0.332083 1.7413 0.591554 0.0357789 -1.89963 2.93831 2 
1.05165 -0.561165 -0.874903 -0.767706 -2.46642 -0.560675 1 
-1.20184 1.94009 0.51378 0.547249 -0.281272 -4.23314 3 
0.756105 0.647048 0.929463 -0.918585 -0.451616 3.2877 3 
-1.69261 1.64481 -0.0198493 0.476089 0.103709 4.96737 3 
-0.0759974 1.1387 2.00205 1.69678 2.60804 4.74854 1 
-0.308156 1.61708 -7.56353 -0.858215 2.2104 1.6177 0 
0.311565 1.03879 2.22027 1.98097 3.07838 6.75369 1 
0.53283 0.610685 0.225017 0.139316 3.3339 -4.03497 0 
-1.25427 -0.790492 0.758052 0.919772 0.0936728 -2.40261 3 
0.301824 0.915213 0.300796 -0.275802 -0.457448 3.54636 2 
-1.16651 0.625963 0.841004 1.75817 1.62704 3.56002 1 
0.61377 -0.701016 1.02337 0.481637 0.951817 3.59031 1 
0.612428 0.228032 -0.842353 -0.560703 -1.21254 -0.650267 0 
-0.0633889 -1.2055 0.125429 0.52829 -0.376285 4.19554 2 
0.0133793 1.10758 0.0897296 -0.342526 -1.59273 -2.14769 1 
1.65936 -0.0457757 -0.534488 0.48092 -0.558433 -2.53012 3 
1.42598 0.121392 0.467165 -0.167626 -0.491847 2.36344 2 
-0.442397 1.51313 -7.22278 -0.773681 1.93258 2.74342 0 
1.06851 0.21359 0.310872 -0.508268 2.67759 -1.9141 1 
0.408306 -0.629511 -0.85204 0.0386608 -0.289903 -2.54595 0 
-0.590282 0.307594 0.044374 0.616325 2.8106 -2.40673 1 
1.6456 -0.0294732 -0.836963 -0.638133 -1.35155 -0.669563 0 
1.34004 -1.11486 -0.0962073 -0.619861 0.234658 2.20151 2 
-0.557423 1.71803 0.732256 0.735017 -1.30271 -0.174661 2 
-0.951601 -1.31161 0.229747 0.377571 1.86835 -5.3633 0 
-0.541866 -0.428473 0.0766061 0.524351 2.7425 -1.76737 1 
-2.12776 -0.539533 0.174128 0.0717215 -1.79593 5.43348 2 
-0.879209 0.496576 -0.731506 0.657554 1.85543 -0.995759 0 
-0.385836 -1.99437 -1.0215 0.10166 -1.25196 0.578829 2 
0.343893 0.451552 -0.29091 -0.423628 -0.0712051 -2.33569 1 
0.396712 -0.476727 -0.657543 0.122657 0.797757 -1.37968 0 
0.751503 -0.496132 1.05497 -0.784436 0.101598 2.62132 3 
-2.05201 -0.995834 0.841522 -0.0439329 1.75163 -3.88538 2 
0.196975 0.490935 -0.503396 0.665928 -0.569707 -3.25205 0 
-2.42243 -0.0356918 -0.0746428 -9.12284 1.07229 1.42966 0 
0.186238 0.0650874 0.321733 -0.171796 0.188556 -1.54665 1 
-0.80043 1.64686 -0.411137 0.393809 -1.6622 -3.29478 0 
-0.153963 -0.725793 1.60903 2.0244 2.92296 5.38416 1 
1.94986 -0.0631176 -0.102105 -0.322897 -1.87767 -2.12344 1 
1.42536 -0.490584 -0.121452 -0.264813 0.133785 2.63627 1 
-1.46828 -1.66718 0.0954265 0.781726 0.961818 -4.12136 2 
-1.74046 1.29507 0.83082 0.0567911 -2.55542 0.436003 2 
0.267917 0.671825 0.391785 0.366462 -1.8242 -0.272611 1 
-0.637369 0.311707 0.145718 0.614904 0.337306 4.196 2 
-0.323807 -2.10239 -0.522453 0.463104 -0.733124 -1.09669 3 
1.11653 0.948984 0.195691 -1.05481 -2.65813 -1.39943 1 
-0.304496 0.500189 -0.975232 0.156931 -3.22177 -3.21956 0 
0.854947 0.0700922 0.0245733 0.00571837 2.42512 -1.89862 1 
1.00649 -0.861622 -0.612179 -0.0213499 0.231224 -1.56739 1 
-0.709269 1.2149 0.965631 0.45226 -1.1491 3.61246 2 
0.760043 -0.498808 0.0660213 0.862234 -0.28066 3.64315 3 
-0.0734682 -1.98509 -0.751315 0.714933 -1.47454 3.00472 3 
-1.47007 1.0872 0.231309 0.515632 -2.45978 3.59214 3 
-0.134804 0.359863 -0.223391 0.00784177 -0.241158 1.80095 2 
-0.187094 1.41985 -0.306504 0.261557 0.840104 -0.449752 0 
-0.148602 0.662224 0.0731234 -0.297644 0.00412254 -2.22826 1 
-0.80293 -0.416098 -0.176063 -0.0641906 -0.937411 3.6551 3 
0.326259 1.1238 0.552351 0.411668 2.44838 -2.25578 1 
-0.31027 -0.57565 -0.529631 0.998067 1.99656 -3.30018 0 
0.294563 0.234367 -0.875289 0.101062 0.116823 -3.04448 0 
-1.16738 1.43676 -0.00903986 -0.0225868 -3.15087 1.87972 2 
-0.0441577 -0.726952 0.263971 0.500225 2.23944 -5.02023 0 
0.653211 -0.457939 0.969722 0.732738 1.68568 3.84056 1 
1.17218 0.910273 0.286601 -0.534115 0.135789 4.69833 2 
-0.920171 -0.071893 1.80516 1.77891 3.02691 7.26431 1 
0.237446 -0.525431 0.264684 0.0271793 3.02294 -2.40389 1 
0.685251 -1.70664 -0.286148 -0.300407 -0.316004 2.64462 2 
-0.285552 1.78153 0.905309 0.476348 -2.42571 -0.525357 2 
0.738544 -0.0159968 0.0140787 0.411843 3.18358 -2.3928 1 
-1.55352 -1.80199 -1.15172 0.571639 -3.01921 2.27784 3 
-0.634303 -0.348177 -0.391897 1.22954 0.154404 -1.61165 3 
0.347825 0.93137 -0.8857 -0.470235 -2.22136 -1.02727 0 
0.103585 0.532054 0.629669 0.340929 -1.22369 -1.50419 2 
-0.479406 1.50022 -7.48414 -0.12301 2.07792 1.92576 0 
-0.0281004 -1.21034 -0.566303 0.700611 -0.707343 2.6137 3 
-0.995541 0.351461 -0.0908319 0.00912528 0.000582098 5.43431 3 
0.489917 0.390342 0.621218 0.283489 2.96481 -2.52991 1 
0.380134 -0.275648 0.750203 1.56138 1.86332 5.22941 1 
0.144805 0.158154 -0.143235 0.248477 0.130353 4.99073 2 
-1.15591 -0.650619 -0.527905 0.619598 1.30267 -1.34242 0 
-0.719745 0.555879 0.745859 0.79781 0.663292 2.89051 1 
-0.558247 1.55169 -7.27451 -0.266643 2.04139 2.5167 0 
0.797966 0.180061 0.0563256 -0.380459 -0.082369 -1.93504 1 
0.504892 0.151926 0.0663633 -0.234234 -0.605292 -2.16774 1 
-0.287983 1.11471 0.343189 0.0830731 0.599555 -2.71876 3 
0.571212 0.14438 0.820473 -0.221393 2.3434 -4.3062 2 
-0.209738 -1.26823 -0.27408 0.892958 0.331504 4.32473 3 
-0.852516 0.0558381 -0.19454 -0.200165 0.563504 4.95318 3 
0.298088 0.0465138 1.53901 1.15993 2.38596 5.18652 1 
-2.61179 -1.46833 0.048521 0.364009 -1.99624 5.22011 2 
0.104144 -0.6224 -1.12073 0.562034 -2.44409 -1.0281 3 
-0.571007 1.58147 -7.37397 -0.244651 2.13243 2.1422 0 
-0.608917 -1.99096 -1.53276 0.787444 -2.98585 -2.72882 3 
-0.305178 2.23324 0.599124 -0.018908 -1.55718 2.02376 3 
-0.247626 -1.56693 0.743384 0.0200641 2.50606 -3.11317 2 
-0.868202 -1.20324 -1.06143 0.145939 -0.0915469 -0.83678 0 
1.14642 -0.792999 -0.327703 -0.230289 1.90049 -1.63536 1 
0.656982 -1.5825 -0.708056 0.0919756 -0.957794 1.53333 2 
0.581808 0.51547 0.772656 -0.265395 -0.568979 0.578143 3 
0.305851 -1.88802 -0.865253 -0.534961 -1.1086 -0.96759 1 
-2.05531 0.251911 0.714808 0.966319 -1.09971 3.94286 2 
1.43845 -0.21068 -0.27787 -0.0941031 -0.0157108 -1.01621 3 
1.45747 -0.208263 -0.581614 0.0717122 -2.03824 2.0831 3 
-1.60757 0.657556 0.0507328 1.03208 -0.168587 4.51165 2 
-1.66936 1.69262 0.747429 0.586025 -1.89469 2.74966 2 
1.19848 -0.407523 -0.50735 0.427599 -0.389896 0.31764 2 
-0.76484 -1.31612 -0.721139 0.123377 0.666961 -0.738809 0 
-1.42837 -0.981396 -0.0762635 0.405752 1.13646 -1.27215 3 
0.16839 -1.85517 -0.306394 0.282661 -0.269969 4.03961 2 
1.04391 0.207425 -0.646654 -0.340426 1.02194 -0.598426 0 
-1.95922 0.40259 0.810519 -0.362849 1.73572 -3.96288 2 
0.988891 -0.713 -0.0931367 -0.258457 1.67868 -2.0739 1 
-0.51949 -0.262686 -0.122076 0.55847 0.673015 -0.272153 3 
1.84263 0.203274 0.858636 -0.0458729 -1.06832 -0.238927 1 
0.792663 -0.883839 -0.394536 -0.469238 -1.47952 -0.112551 1 
0.779721 0.511107 -0.518009 -0.20994 -0.969674 -0.136797 0 
0.372267 -0.0281729 -0.500173 -0.682447 -1.92709 0.659449 1 
-1.12116 -0.113494 0.565877 0.228552 2.14324 -5.15121 0 
0.828084 1.20959 1.82218 1.22793 1.70249 4.37568 1 
0.926022 0.358127 -0.644663 -0.309874 0.332422 -2.16375 0 
-0.506204 0.334414 -0.250064 -0.262284 -0.837089 5.27067 3 
0.624771 0.358179 1.47391 1.566 2.20666 3.60999 1 
-0.169752 -1.96647 -0.659469 0.479291 0.61822 5.11277 3 
-0.679872 -0.630952 0.590429 0.295583 1.41463 -2.47576 3 
0.304165 1.51572 0.241496 -0.644251 0.541051 4.29604 2 
0.408921 0.217942 -0.336722 0.519294 0.804865 4.48903 3 
0.184557 0.095466 -0.966386 -0.484652 0.967682 -0.575312 0 
0.889186 0.221469 0.551834 -0.449632 -1.20715 1.41035 1 
0.960413 0.215948 0.398837 0.276519 3.33289 -2.66027 1 
1.79546 -0.180479 -0.112483 -0.296592 1.24053 4.27281 2 
-0.078811 0.960519 0.18783 -0.383154 0.367597 4.1007 3 
-0.285219 1.58529 -7.09005 -0.0427884 2.06701 2.80798 0 
0.167007 0.138768 0.128509 0.00972395 -0.426231 -2.89839 0 
1.06798 -0.112862 -0.833232 -0.340472 1.5374 -0.51906 0 
0.563914 0.266631 0.14378 -0.894707 2.1734 -1.3821 1 
-0.33311 -0.718254 -0.261403 -0.715668 0.586247 5.20791 3 
-0.316576 -0.927828 -0.406272 0.0306615 -0.695525 -0.150103 2 
-1.29207 0.172159 0.509825 0.909173 0.605522 -2.37307 3 
-0.440803 0.650021 0.169284 0.995606 -0.956301 3.63852 3 
-1.38867 0.0202274 -0.177839 1.09534 -0.197296 4.91739 2 
-1.0789 -1.5355 -1.13189 0.445297 -2.22993 -0.169965 2 
0.205943 0.244556 0.439367 0.13048 2.91308 -2.34137 1 
0.0421358 0.516974 0.0972051 1.05024 0.923851 4.12083 3 
0.258188 -1.53488 1.62482 2.43127 3.47285 5.35579 1 
1.10223 -0.720311 -0.363826 -0.485732 -0.737527 -0.539106 1 
-0.190444 1.61634 0.120187 -0.307515 -0.698761 4.65693 3 
0.83697 0.404503 -0.407143 0.3027 0.56814 -1.22354 0 
-0.802685 0.133429 0.465018 0.320252 2.4245 -5.16898 0 
-0.30067 2.25522 0.103237 1.30583 0.676265 4.07219 3 
1.15296 0.934176 -0.138653 -0.0942567 0.871455 4.7893 3 
0.388624 0.128784 0.245077 0.766799 1.02575 4.29295 3 
-1.35547 1.37989 0.732007 0.201668 0.833892 -3.99725 3 
-1.11129 0.15148 0.679137 0.66486 0.88866 -2.56571 2 
1.02769 0.892408 0.960426 -0.654758 -0.421324 2.14821 3 
-1.71324 -2.3172 0.0618743 0.527148 -0.31647 4.96143 2 
-0.545712 2.6565 0.480183 0.633173 -1.47639 3.96935 2 
-0.942124 2.12025 0.990149 0.22939 -1.7423 -2.24173 3 
-0.878601 0.599814 -0.763217 -0.204731 -0.505118 0.121732 0 
-1.61794 0.294004 -0.237767 0.868152 0.938403 4.39065 3 
-0.144458 -0.0166402 0.271983 0.312983 3.09933 -2.36239 1 
1.09206 0.609126 0.646843 0.574329 -1.09126 -1.79539 3 
-0.158393 2.26481 0.136943 0.914134 -0.00455552 4.58026 3 
-1.71304 2.28768 0.241023 0.254525 -3.16766 -1.42774 2 
0.0529565 -0.323061 -0.0858566 0.154618 -0.153022 -3.14074 0 
-0.217411 1.76231 1.14274 -0.164088 2.67084 -4.45938 3 
-1.645 -2.54642 -1.4724 0.492024 -3.48532 -1.12446 3 
-1.46373 -0.17455 -0.0648734 -0.125963 -1.12163 5.26247 2 
-0.599385 0.344408 0.735545 0.526189 1.34913 -2.32545 2 
1.04176 0.00758748 -1.12795 -0.197555 -2.90583 -2.70588 0 
-0.399354 0.501183 1.118 0.46421 -0.688731 -0.265822 2 
1.53528 0.0416044 -0.157599 0.209166 0.720359 -2.93965 0 
-1.02876 2.68812 0.181937 0.0645985 -2.34802 -2.84276 2 
-1.51813 -0.153685 0.243046 -9.28855 0.584101 0.633505 0 
0.634746 1.43035 0.0694923 0.43164 -1.00287 4.24632 3 
0.0723757 -0.458092 -0.312396 0.659031 -0.0873523 -0.606945 2 
-0.917089 -1.25963 0.649565 -0.234965 -0.706446 1.6073 2 
-1.23373 -0.235761 0.226346 1.06467 -1.34516 3.23052 3 
-0.313586 -0.206885 -0.772433 -0.518543 -2.11433 0.591411 1 
-0.438852 -0.383987 0.241499 0.404948 3.1753 -2.51563 1 
-0.874529 -0.706134 -0.307688 0.494959 -0.579403 0.940347 2 
-0.951395 1.64106 1.81371 2.26569 3.00619 5.93727 1 
0.694295 1.41654 0.258484 0.233241 -1.99068 3.34046 2 
-0.444037 -1.50826 -0.606694 0.140238 1.0633 -3.79039 0 
-1.11768 -0.931316 -0.0160656 0.921073 2.5507 -3.70308 0 
-0.793466 -1.33984 -0.904732 -0.374386 -1.67002 -0.181949 0 
0.246216 1.27428 -0.119047 -0.389726 0.198684 4.91011 2 
0.112947 -0.347783 -1.64946 0.251959 -2.63275 -3.5255 0 
0.663649 0.27636 0.406536 -0.388329 -0.518356 2.84956 3 
0.318755 -0.559054 1.29631 1.20632 2.83691 5.51542 1 
0.62365 -1.03753 -0.44099 -1.09322 -1.26183 -0.462516 1 
0.547151 0.216845 -0.885034 0.332484 -2.64581 -4.12702 0 
-0.110351 0.507628 0.22723 0.302006 -2.63731 -0.773517 2 
0.245127 0.804394 0.555441 -0.681949 -1.30472 -1.26535 2 
0.442349 0.406448 0.192434 -2.98579 0.78342 -1.14103 1 
-0.513029 0.177787 -0.815424 0.0872682 1.20222 -0.94535 0 
-1.93577 -0.0793146 0.279575 1.16794 2.36088 -3.11283 0 
0.355249 -0.638053 -0.982033 -0.0316776 -1.22485 -1.87152 1 
0.980682 -0.309907 0.198515 -1.17095 -1.40948 -1.40961 1 
1.31244 -0.143524 0.371521 0.658315 0.425417 3.79781 2 
0.0180139 -1.1701 -0.138162 0.528125 1.55775 -4.77819 0 
-1.20819 0.916197 0.46651 0.400207 1.41137 -3.16452 3 
-0.735508 -0.287981 1.04738 0.137014 -0.767592 -0.31029 2 
0.815486 0.485588 0.382772 -0.168871 3.32368 -2.18458 1 
-2.32082 -0.468434 0.449664 0.930188 -2.24136 3.32631 2 
0.13308 -1.19657 -0.461873 -0.130655 -0.480709 1.12969 3 
0.192647 -0.499309 1.43795 -0.555056 1.58719 6.08 1 
-0.132314 0.193107 0.176884 0.500532 0.604025 -3.21829 2 
0.915197 0.522267 0.22829 0.165193 3.43933 -2.44699 1 
1.49983 0.0224316 0.00817081 -0.943229 0.386351 4.6662 2 
1.07836 -0.190723 -0.151184 0.979317 1.29163 4.34219 3 
-0.195284 1.32912 1.29195 -0.921529 -0.255148 -0.645059 3 
-0.714347 0.824515 0.396902 0.380554 -0.261214 4.14894 2 
-2.19123 -0.223628 -0.192224 1.11423 -0.626658 -1.87651 3 
-0.186788 0.216808 -0.811936 -1.00966 -0.0851852 0.375698 0 
-0.730657 -0.140201 -0.359766 0.35924 -0.346665 -1.58563 0 
-0.583227 -1.47972 0.424159 -0.092496 0.0812907 3.73319 2 
0.275286 -0.0874556 -1.13189 -0.127676 -2.66042 -1.73592 0 
-3.06541 -0.597525 1.91001 -11.6694 4.55672 0.544258 1 
0.73121 -0.134222 1.93511 2.1004 3.58518 6.36907 1 
0.294381 -2.06764 -0.962998 0.0992685 -2.07706 -0.782574 1 
1.1556 -0.387466 -1.20609 -0.667984 -0.979396 -2.10438 0 
0.472515 0.722292 -0.824582 -0.108766 -2.94684 -4.47181 0 
0.416299 0.583979 0.123528 -0.165873 -2.06023 1.12977 2 
0.632158 0.494477 -0.378319 -0.291219 -1.69038 -3.51053 0 
-0.885078 1.09037 0.195071 0.782621 -2.42752 -4.44171 2 
-0.165403 1.59127 -7.37516 -0.407144 2.16115 2.08225 0 
-0.546853 -0.0437453 -0.260357 0.111991 0.041062 -1.40199 0 
1.45394 -1.08511 -0.547252 -0.543255 -0.812223 1.20681 1 
1.15925 -0.947427 0.0558889 -0.171923 1.24183 3.81259 3 
-0.177273 0.865896 0.221023 0.551673 1.78685 -5.25574 0 
0.914871 0.042049 0.508573 -0.48685 -1.70102 0.293173 1 
0.440657 0.0796585 -0.0559865 0.406145 1.1294 4.18967 2 
0.898247 -0.655317 0.053342 -0.593408 1.00612 4.22897 3 
1.64958 0.10075 -0.0995852 -0.324328 1.21345 -1.35327 1 
0.213256 -0.797321 0.406292 -0.074894 2.27272 -5.09542 0 
0.81928 -1.58224 -0.948154 -0.613881 -1.92468 -1.16007 1 
1.48598 0.0317705 -0.411584 -0.147932 -0.786133 -2.75511 1 
1.74402 0.189265 -0.134898 -0.547471 -0.448735 3.85978 2 
-0.419267 1.68534 -7.44364 -0.385196 2.33462 1.81292 0 
0.181256 -0.473085 0.613471 0.0424338 2.32967 -4.82675 2 
-0.129989 1.71587 0.591871 0.00354158 0.00448107 4.58367 2 
0.779862 -0.395723 0.727045 0.102164 -0.430172 1.49935 1 
-1.32984 0.433623 1.03641 0.334761 2.11724 -3.22619 2 
0.186545 0.0563519 -0.528011 -0.68589 0.401017 -0.856826 0 
-0.29182 -0.696605 -1.13802 0.410155 -1.99741 -2.00974 2 
0.254056 0.248589 -0.162239 0.470628 -2.37694 -3.05042 3 
-1.29812 1.97096 1.12673 -0.257595 -1.32851 3.85108 3 
0.117048 1.76428 0.59644 0.124997 -2.88603 -1.24436 3 
-1.01392 -2.10974 -0.893333 -0.112947 -1.07829 0.173147 0 
0.978107 0.0674074 0.0331085 0.548478 2.95511 -2.19311 1 
-1.33524 0.699766 1.36063 -13.7322 2.04935 3.05529 0 
1.09731 0.474052 0.0589593 0.939636 0.969926 4.04398 2 
0.94157 -1.025 -0.30466 -1.14275 1.43295 -1.53632 1 
0.709687 -0.0553023 1.05435 -0.483395 0.440014 2.91456 3 
-1.22904 0.220021 0.416742 0.647435 2.43774 -5.30606 0 
0.315178 -0.257477 -0.940092 0.357058 1.56659 -0.144096 0 
0.831626 0.054232 0.426285 -0.224294 -1.29392 -1.14875 2 
-0.762744 -3.17324 -0.450392 0.268926 -1.01791 5.21973 2 
0.817703 0.0841166 -0.731002 -0.22618 1.59384 -0.331586 0 
0.821264 0.372796 -0.922578 0.373742 0.175859 -2.71777 0 
-0.515984 0.310817 0.618611 0.434032 3.09117 -2.55247 1 
-0.305289 0.207126 -1.0045 -0.591115 1.3742 -0.407396 0 
-0.366833 1.66551 -7.1325 0.0539606 2.17418 2.57596 0 
0.871833 0.293182 0.606592 0.775557 2.05707 -3.85585 2 
-0.481846 1.29318 0.604021 -0.360321 -0.990611 -1.83854 2 
1.74944 -0.00788733 0.164922 -0.721189 0.503137 4.53017 3 
0.45657 -0.666294 -0.776673 -0.13148 -2.95644 -1.13327 1 
-0.466574 1.39995 2.10838 1.85272 2.95274 5.99609 1 
0.337395 -1.0682 -1.26908 0.0609072 -3.02424 -3.10854 0 
0.869462 0.0323955 0.446238 0.00565614 -1.16942 1.16134 2 
0.00371552 0.170165 -0.868728 0.288436 1.63629 -0.763144 0 
2.09639 -0.230077 0.00258093 -0.361993 -0.722827 4.15561 3 
-0.312512 -0.334798 -0.145316 0.996222 1.4811 -3.99711 0 
1.19941 -0.50416 -0.656824 0.0984634 -1.85973 2.81457 3 
-1.84254 -0.0298062 0.294412 0.246502 1.23569 -4.19367 3 
-1.20753 -0.27264 0.00352578 0.896251 1.84757 -3.00225 0 
0.926147 -0.24469 -0.0633341 -0.864553 1.66638 -2.14257 1 
1.93465 0.121542 0.493339 -0.678027 -0.674179 1.10677 1 
-1.36827 -2.00405 0.0527207 0.62872 1.13997 -2.21964 3 
-0.799392 0.708236 0.224058 0.0875173 2.75089 -2.3595 1 
0.251606 0.28402 -0.145778 -0.57378 0.79225 4.94627 3 
0.849019 0.557878 -0.77334 -1.013 -0.582661 -1.56874 0 
1.29276 -0.433679 0.198138 -1.03369 -0.423258 2.27507 1 
1.00383 0.13472 -0.227298 0.907462 1.95794 3.64934 3 
-1.01694 0.57494 -0.666273 -0.368828 0.35122 5.55162 3 
-0.0958189 1.39054 0.805803 0.0879388 -1.66716 0.0370245 3 
-0.0191629 1.22387 0.594186 0.200756 2.75874 -5.24979 3 
-1.71985 0.272753 -0.261638 -0.129165 -0.337826 -1.15822 0 
1.08239 -0.574575 -0.293708 0.110377 -0.307278 3.03452 3 
1.07138 0.854676 1.05059 0.0168649 -0.190932 -0.687936 2 
0.992685 -0.0955864 0.799983 -0.448621 2.28172 -2.68366 2 
0.546397 -1.50851 0.341036 0.389145 0.46208 3.71347 1 
0.0399649 -0.415481 0.225501 0.740229 3.5876 -2.1055 1 
1.63118 -0.475053 -0.291649 -0.428847 1.10935 -1.34329 1 
0.824712 -0.0563204 0.793882 0.29068 0.905611 3.3597 1 
1.27541 0.0322465 -0.572536 0.65308 -1.17139 -3.8348 0 
-1.8338 1.45068 0.613478 0.616826 0.829909 -2.65557 3 
0.977747 0.0636425 0.0706325 -1.55915 -1.10966 -1.55548 1 
-0.0748961 -0.37643 1.85469 2.24568 3.34205 6.73751 1 
-0.311189 0.867662 -0.323037 0.172319 -0.274235 -1.55467 0 
0.565951 0.405533 -0.382955 0.685682 0.627591 -4.83881 0 
1.01058 0.297223 0.33582 -1.12724 -1.91505 0.0022288 1 
-0.272731 -0.508929 0.52233 0.270403 2.29609 -4.97835 3 
0.985729 0.135337 -0.0882046 -0.511149 0.155037 4.97029 2 
-0.613642 -0.105686 0.966728 0.714951 -0.757359 -0.901506 3 
0.00406528 -1.05623 0.153501 0.713645 -0.126329 3.3384 2 
-0.0822693 0.545037 -0.720455 -0.486683 0.919858 0.122311 0 
-0.302754 0.830203 0.701925 -0.318739 0.311943 3.98222 3 
0.317908 1.30134 0.887398 -0.319838 -1.72226 -1.79041 3 
-1.35775 -2.14065 -0.846466 0.37332 -2.02838 1.81611 3 
0.716752 0.93688 -0.0939302 -1.06323 -0.69499 -1.82004 0 
-0.17743 -2.04911 -0.57888 0.713346 0.100106 -1.42076 2 
1.71321 -0.543001 1.2041 0.860655 2.42773 5.46113 1 
-0.968791 0.395158 0.705044 0.473219 -1.17905 -1.37972 2 
-0.368111 0.275266 0.422968 0.37409 2.293 -2.09792 1 
-1.28816 -1.98787 -0.219015 -0.373284 -0.057067 5.22652 2 
0.504706 1.21145 0.407714 -0.553126 1.81066 -1.683 1 
0.102451 0.68453 0.0634379 0.297989 2.67587 -1.76716 1 
-0.53253 0.444795 0.338746 -0.114953 2.26441 -2.0496 1 
-0.563013 0.16816 -0.690064 -0.720807 0.786734 -0.189585 0 
-0.370237 0.777889 0.232754 0.312846 -2.88725 -1.98796 2 
-0.651475 -1.60214 -0.391121 1.81519 0.188054 4.49833 3 
-0.456575 -0.408017 -0.337209 0.285022 0.872678 4.24894 3 
0.570123 -0.906113 -1.70932 0.324209 -2.04446 -3.5876 0 
1.26258 0.347948 -0.814761 -0.398043 0.38163 -1.1289 0 
0.997524 0.298498 -0.402864 -0.191948 -0.605789 -0.213388 3 
0.731013 0.472018 0.205052 0.17425 3.22806 -2.58104 1 
0.377972 -0.498938 -0.156035 -0.552219 1.70832 -1.57566 1 
1.3408 -0.0828842 -0.263762 0.766688 1.8328 3.89825 3 
-0.146969 1.23013 0.277135 0.00871463 -3.58352 -0.204891 3 
1.0044 0.477151 -0.142976 -0.557296 -0.379595 -3.2397 0 
0.195047 0.77359 0.0756396 -0.618226 -0.882084 -1.62245 1 
0.35612 1.44191 1.42041 1.66258 0.91314 2.83018 1 
1.29333 0.0258234 0.430051 0.207932 0.104745 -3.49847 3 
-0.0159827 1.5991 1.34844 -0.0713404 0.0829983 -1.20793 3 
0.473722 -0.89925 0.028431 0.323381 1.75928 -1.73352 2 
1.29872 -0.430227 -0.21468 -0.588685 0.84384 5.00144 3 
1.47503 -0.127218 -0.207828 -0.320816 1.2837 -2.05349 1 
-1.13171 -1.99039 -1.64063 0.813917 -1.62578 -4.41789 0 
1.42681 0.0832655 -0.514502 -0.232785 0.997934 4.65258 3 
-0.480744 0.69454 -0.45754 0.097648 1.08095 -0.791387 0 
1.39758 -1.07215 -0.395373 -0.195562 -0.486024 1.98438 1 
0.40205 1.07865 0.287543 -0.0415153 2.2197 -1.84658 1 
-0.155456 0.3217 0.0787645 0.539319 1.14782 -3.15443 2 
0.548365 0.222887 -1.23046 -0.183682 -1.5681 -1.63249 0 
0.0976561 -2.09452 -0.285636 -0.0753571 0.289544 4.44454 2 
-0.00816853 -0.630842 -0.344369 -0.236969 -2.08413 -3.44309 0 
-1.46044 -0.473443 0.0311541 0.0452369 -0.549597 4.39911 2 
0.37995 -0.107764 0.455569 0.0222766 1.94631 -2.39615 2 
-0.155892 -0.00281397 0.724236 0.306865 2.53418 -5.64799 0 
-1.98872 -0.06749 0.702731 0.384088 1.91341 -6.14733 2 
0.463966 0.0184615 0.132653 0.475631 3.38702 -2.38685 1 
0.241963 1.49637 0.418575 0.556091 0.0454553 3.46025 2 
-0.19605 -0.315668 -0.761789 -0.879447 -0.902218 -2.10898 0 
0.218293 1.06316 -1.05714 0.112782 1.91088 -0.461429 0 
1.80403 -0.0526755 0.765055 -1.12258 -1.88553 -1.05008 1 
0.564024 0.588693 0.282984 0.127745 2.83839 -2.08582 1 
-0.162768 0.400267 -0.300981 0.941846 0.595297 4.51125 3 
0.191458 -0.11795 -0.212832 -0.0384092 1.93784 -1.3912 1 
-0.289185 0.92221 0.4442 0.0494664 -3.00042 -2.00373 3 
-0.522015 -0.695516 -0.592247 0.707356 -1.27659 -0.445315 3 
-0.0110254 -0.681372 0.106352 0.0317935 2.95832 -2.56859 1 
0.654123 0.760265 0.247899 -0.811102 -0.122656 4.66559 2 
0.752843 0.682444 -1.13361 0.510973 2.26803 -1.16891 0 
-0.463294 0.504747 0.0674758 0.931921 1.50206 -2.74078 0 
0.439117 0.987824 0.685469 -1.07299 -2.79539 -1.5875 1 
0.228906 1.825 0.906224 0.385539 -1.55062 -0.925467 2 
0.282855 0.0748567 0.458101 -0.143609 0.439616 4.60712 3 
-0.430989 1.04287 0.336852 0.258801 0.122359 -5.35978 2 
-0.948502 -0.79001 -0.207145 0.667377 1.6296 -3.34738 0 
0.954408 -0.969406 -0.225509 -0.52353 0.695566 5.46505 3 
-0.509597 0.809691 -0.678491 -0.0527104 1.25967 -1.11514 0 
0.169047 -1.21553 -1.03386 -0.170924 -1.92167 -1.54188 1 
0.503209 0.3824 -0.648081 -1.04803 0.890951 -0.309712 0 
-2.57878 -0.627577 0.530242 1.26047 -0.95445 4.28884 2 
-0.336325 0.0948896 0.41386 0.75705 -2.10556 -2.21221 2 
-1.20268 -0.823698 -0.903304 0.996402 -1.98434 -1.36683 3 
0.52921 -0.872269 0.606447 -0.0749561 0.0782275 2.75173 2 
1.1219 -0.644049 -0.675173 -0.261205 1.15996 4.95913 3 
-0.115263 0.532065 0.656559 0.562903 2.06661 -4.6449 2 
0.253157 1.70353 1.23437 -0.273737 -1.31464 -0.221575 2 
-0.270423 -0.989837 -1.25651 0.716622 -0.982841 -3.90499 0 
-0.217823 0.837384 -0.656226 0.342199 -2.8818 -4.00622 0 
-0.273701 -1.31776 -1.02323 0.569096 -2.32806 2.38662 2 
-0.0421179 0.911445 0.047912 0.350557 2.24919 -2.07893 1 
0.369493 -0.25839 0.466353 0.59851 3.11122 -2.53034 1 
-0.387852 -1.34411 -1.20454 0.296182 -2.24302 0.635142 2 
0.332138 -0.612728 -1.47813 0.174148 -2.5836 -3.9708 0 
0.707788 0.667421 0.262711 0.36223 1.9256 -4.93329 0 
1.06516 -0.738455 0.0300921 -0.740247 2.39119 -1.99376 1 
2.07818 -0.108006 -0.368245 -0.330107 -1.17106 1.06546 2 
-0.215141 1.9232 -1.43909 0.0933355 -2.22058 -0.988412 0 
-0.486965 1.52686 -7.37876 -0.222049 2.11797 2.17683 0 
0.237176 1.29668 1.85174 1.78687 3.04405 6.30185 1 
1.25473 -1.0854 -0.671746 -1.19899 -1.09781 -1.41921 1 
0.630472 -1.13851 -0.499234 0.304525 1.45749 -1.85149 1 
0.717967 -0.119344 0.0414505 0.397907 1.77507 -3.33095 3 
-1.72327 0.642568 0.13094 -0.0353282 -1.05385 5.00891 2 
1.1954 0.146696 0.257501 -0.952168 -2.69316 -1.77037 1 
1.89878 0.193083 0.223737 0.129833 -1.1867 1.10493 3 
0.224331 0.245175 0.0580124 -0.493808 1.09558 -1.85575 1 
0.098027 1.04874 0.711058 -0.409925 -3.17765 -1.80623 1 
-0.217 0.595504 -0.611396 0.207237 -2.50794 1.39843 2 
0.835702 -1.69309 0.203901 -0.151595 0.217389 4.41187 2 
0.497861 -0.122042 0.816925 0.0326035 0.221702 -1.21645 2 
0.425034 0.199074 0.416546 0.377619 3.21508 -2.32494 1 
0.622622 -0.747626 -0.562231 -0.357077 -1.93113 -3.58539 0 
-2.6586 0.520202 0.270358 0.407598 -0.827593 4.82809 2 
-0.493473 -1.13949 -0.532213 0.572576 -0.812582 -1.08548 2 
-0.0438206 -0.863543 -0.882182 -0.534267 -1.10691 -0.457561 0 
0.66612 0.633043 -0.908805 0.163011 1.91498 -0.70379 0 
-0.485758 -0.138553 -0.104269 -0.387847 -0.0277267 4.2343 3 
0.273761 1.31758 0.36237 -0.223238 -0.492219 4.66485 2 
0.949774 -0.677488 -0.15294 0.0904835 0.172103 4.78287 2 
1.39628 -0.0891083 -0.138637 0.165753 0.376438 3.61051 3 
0.25912 -0.431167 -1.05312 0.66719 -2.48922 -0.103257 3 
0.497214 0.0162452 -0.216175 -0.0754639 0.416332 -4.03534 3 
0.30853 -0.15437 0.185531 0.410279 3.09748 -2.54266 1 
0.451388 -0.75175 -0.012829 -0.105147 -0.296038 -3.2736 0 
-1.4849 -0.829329 0.147688 1.18174 0.0685031 4.48585 2 
-0.296151 -1.72916 -0.37224 0.066055 0.793918 4.26632 2 
0.956449 -0.532528 0.22071 0.217625 0.198759 2.85033 1 
-0.124445 1.47071 -0.430305 0.448475 -2.13794 -4.78812 0 
-1.39713 1.29558 -0.0815535 1.37038 0.77309 4.63895 3 
-1.2813 0.443031 0.575615 0.317294 0.278467 -3.43608 3 
1.04311 0.652741 0.642978 -0.00884081 -0.38288 -2.60719 3 
-0.625168 -1.12417 -0.216978 -0.376806 0.515281 5.31275 3 
-0.461321 1.73712 -7.57119 0.619027 2.72096 1.12092 0 
-0.357499 1.42581 0.556828 0.401454 0.306155 -4.39963 3 
1.00606 0.726785 0.157534 -0.491804 1.91599 -2.03817 1 
-0.337157 -1.52466 -1.20642 0.922329 -1.04261 -1.64033 2 
-0.971253 -1.0252 0.0459292 0.432059 2.98864 -3.98553 0 
1.66714 0.108598 -0.133559 -0.194902 0.494351 1.21356 3 
0.724458 0.96526 1.33308 0.00603295 -0.197267 -0.423465 3 
0.332287 -0.962243 -1.52113 0.567978 -0.611039 -3.33938 0 
1.63755 0.441698 0.83011 0.954337 -0.332381 0.460832 1 
0.100888 -1.0632 -1.02722 0.494524 -2.1028 -3.08388 2 
-0.200948 -1.4927 -0.803518 -0.585801 -1.97687 0.554189 1 
0.82533 -0.109111 -1.18276 -0.507335 -2.93943 -2.26033 0 
-0.788052 -0.110595 0.652724 -0.602037 -0.345237 4.7313 3 
-1.42524 1.04517 0.967131 0.220564 -2.65583 -1.25011 2 
-0.0527727 2.2952 0.857031 0.205214 -1.2482 -0.359167 3 
0.230819 1.1172 0.401284 -0.854903 -0.201401 4.52798 2 
0.16046 1.87831 -0.85155 0.0308054 -2.22951 -3.10112 0 
0.185229 -0.534166 -1.43936 0.375165 -1.99994 -4.1797 0 
-0.408655 1.79135 -0.135373 0.644069 -0.917936 -3.68237 3 
0.0260788 0.862315 0.633702 0.776635 3.16747 -2.73531 1 
-1.42433 -0.261425 -0.27712 0.906024 0.498173 4.20808 3 
0.467738 0.828922 -1.06123 0.00568229 1.82454 -0.19577 0 
0.128474 0.118892 0.711803 0.0506119 2.50565 -6.35669 3 
0.952498 0.822472 0.710109 -0.817697 -2.15703 -1.35355 1 
-1.1712 2.1522 1.15474 0.67096 1.75159 -5.92781 2 
-1.27734 0.795807 -0.129194 0.926445 -3.956 -3.35041 3 
-1.00479 -0.076664 -0.832468 0.486137 -2.44989 -2.13734 3 
-1.04833 0.145038 0.460178 0.334532 2.35757 -5.01819 0 
0.0336739 0.266054 -0.541341 0.366196 0.694771 -2.99715 0 
1.58164 0.365965 -0.108597 0.809719 1.91315 3.55002 3 
0.837444 -1.0259 -0.127457 -0.800691 0.337876 5.27989 2 
1.3282 -0.421346 -0.88007 -0.208758 1.32913 -0.760384 0 
-1.22892 1.82012 1.25554 0.727235 -1.87605 0.513855 2 
-3.87976 -0.197877 0.185852 0.407578 -1.08944 4.93202 2 
-1.51092 2.18266 0.857725 0.801528 -0.75737 -3.30517 2 
-1.3775 -0.294716 0.128744 0.412082 0.12548 3.89566 2 
0.608801 -0.622424 -0.590576 -0.489573 0.100974 -2.04725 1 
1.03137 -0.465119 -0.279169 -0.854323 0.174307 -1.746 1 
0.2637 -0.738454 -0.639485 -0.652811 -0.836758 2.07588 1 
-0.428355 -2.07558 -1.53392 0.453207 -1.60187 -2.63082 0 
0.321083 -1.19064 -0.416915 0.735526 0.559234 -3.36199 2 
0.852217 0.79378 0.23902 0.868142 -0.681636 3.1089 3 
0.111631 -1.32423 -0.00199298 -0.272287 2.59735 -1.9069 1 
0.82647 1.20264 0.236817 -0.0120627 -1.50775 3.23046 3 
-0.544183 -0.782701 0.565056 0.0290195 2.56365 -4.371 3 
0.117747 -0.26059 -0.353081 0.290355 1.57853 -2.99562 0 
-0.0707244 -1.29671 -1.37181 0.867902 -2.81444 -1.8635 2 
-0.07074 0.559044 0.0509939 0.408713 3.03696 -2.07924 1 
1.79186 0.198394 -0.525877 -1.04426 -0.979049 1.29688 1 
-0.0847834 -1.78925 -0.309517 -0.257025 -0.256386 4.98483 3 
1.72876 -0.642873 -0.261758 -0.0258723 0.276665 2.74286 3 
0.289389 0.171434 0.226927 -1.47675 0.790165 -1.18037 1 
-0.234712 1.67889 -6.57334 -0.419087 1.68786 4.24426 0 
1.14769 -0.710887 0.31048 -0.337399 -1.51079 0.32452 1 
-0.46433 1.53235 -7.28471 -0.223598 2.08012 2.49562 0 
0.504524 -1.20995 -0.23107 0.116197 0.567782 -1.68942 3 
0.886356 0.70606 0.343162 -0.502638 -2.70028 -1.30355 1 
-1.31666 1.08204 0.864629 0.774632 0.870906 -2.785 2 
0.805747 1.00469 0.236099 0.641165 0.591045 4.01404 2 
-0.611679 0.679499 0.763873 0.0286456 -0.452943 -2.13778 2 
0.0961285 0.547583 0.147704 -0.219749 0.350255 3.93041 2 
-0.329766 1.39206 0.536277 0.311637 1.53182 -2.83282 2 
-0.224421 1.72799 0.178099 0.138352 -4.08249 -1.13677 3 
1.22688 -0.267797 0.0556589 -0.246946 -2.45343 0.382912 3 
-1.23606 -0.929003 -1.23045 0.595067 -3.15171 1.20354 2 
0.310535 -0.73108 0.704843 0.441806 2.77255 -5.73805 0 
0.288466 1.57661 0.15842 -0.417751 0.395265 -1.7329 1 
-1.42625 -0.236537 -0.688581 -0.00661089 1.12861 -0.493559 0
