-0.186788 0.216808 -0.811936 -1.00966 -0.0851852 0.375698 0 
-0.730657 -0.140201 -0.359766 0.35924 -0.346665 -1.58563 0 
-0.583227 -1.47972 0.424159 -0.092496 0.0812907 3.73319 2 
0.275286 -0.0874556 -1.13189 -0.127676 -2.66042 -1.73592 0 
-3.06541 -0.597525 1.91001 -11.6694 4.55672 0.544258 1 
0.73121 -0.134222 1.93511 2.1004 3.58518 6.36907 1 
0.294381 -2.06764 -0.962998 0.0992685 -2.07706 -0.782574 1 
1.1556 -0.387466 -1.20609 -0.667984 -0.979396 -2.10438 0 
0.472515 0.722292 -0.824582 -0.108766 -2.94684 -4.47181 0 
0.416299 0.583979 0.123528 -0.165873 -2.06023 1.12977 2 
0.632158 0.494477 -0.378319 -0.291219 -1.69038 -3.51053 0 
-0.885078 1.09037 0.195071 0.782621 -2.42752 -4.44171 2 
-0.165403 1.59127 -7.37516 -0.407144 2.16115 2.08225 0 
-0.546853 -0.0437453 -0.260357 0.111991 0.041062 -1.40199 0 
1.45394 -1.08511 -0.547252 -0.543255 -0.812223 1.20681 1 
1.15925 -0.947427 0.0558889 -0.171923 1.24183 3.81259 3 
-0.177273 0.865896 0.221023 0.551673 1.78685 -5.25574 0 
0.914871 0.042049 0.508573 -0.48685 -1.70102 0.293173 1 
0.440657 0.0796585 -0.0559865 0.406145 1.1294 4.18967 2 
0.898247 -0.655317 0.053342 -0.593408 1.00612 4.22897 3 
1.64958 0.10075 -0.0995852 -0.324328 1.21345 -1.35327 1 
0.213256 -0.797321 0.406292 -0.074894 2.27272 -5.09542 0 
0.81928 -1.58224 -0.948154 -0.613881 -1.92468 -1.16007 1 
1.48598 0.0317705 -0.411584 -0.147932 -0.786133 -2.75511 1 
1.74402 0.189265 -0.134898 -0.547471 -0.448735 3.85978 2 
-0.419267 1.68534 -7.44364 -0.385196 2.33462 1.81292 0 
0.181256 -0.473085 0.613471 0.0424338 2.32967 -4.82675 2 
-0.129989 1.71587 0.591871 0.00354158 0.00448107 4.58367 2 
0.779862 -0.395723 0.727045 0.102164 -0.430172 1.49935 1 
-1.32984 0.433623 1.03641 0.334761 2.11724 -3.22619 2 
0.186545 0.0563519 -0.528011 -0.68589 0.401017 -0.856826 0 
-0.29182 -0.696605 -1.13802 0.410155 -1.99741 -2.00974 2 
0.254056 0.248589 -0.162239 0.470628 -2.37694 -3.05042 3 
-1.29812 1.97096 1.12673 -0.257595 -1.32851 3.85108 3 
0.117048 1.76428 0.59644 0.124997 -2.88603 -1.24436 3 
-1.01392 -2.10974 -0.893333 -0.112947 -1.07829 0.173147 0 
0.978107 0.0674074 0.0331085 0.548478 2.95511 -2.19311 1 
-1.33524 0.699766 1.36063 -13.7322 2.04935 3.05529 0 
1.09731 0.474052 0.0589593 0.939636 0.969926 4.04398 2 
0.94157 -1.025 -0.30466 -1.14275 1.43295 -1.53632 1 
0.709687 -0.0553023 1.05435 -0.483395 0.440014 2.91456 3 
-1.22904 0.220021 0.416742 0.647435 2.43774 -5.30606 0 
0.315178 -0.257477 -0.940092 0.357058 1.56659 -0.144096 0 
0.831626 0.054232 0.426285 -0.224294 -1.29392 -1.14875 2 
-0.762744 -3.17324 -0.450392 0.268926 -1.01791 5.21973 2 
0.817703 0.0841166 -0.731002 -0.22618 1.59384 -0.331586 0 
0.821264 0.372796 -0.922578 0.373742 0.175859 -2.71777 0 
-0.515984 0.310817 0.618611 0.434032 3.09117 -2.55247 1 
-0.305289 0.207126 -1.0045 -0.591115 1.3742 -0.407396 0 
-0.366833 1.66551 -7.1325 0.0539606 2.17418 2.57596 0 
0.871833 0.293182 0.606592 0.775557 2.05707 -3.85585 2 
-0.481846 1.29318 0.604021 -0.360321 -0.990611 -1.83854 2 
1.74944 -0.00788733 0.164922 -0.721189 0.503137 4.53017 3 
0.45657 -0.666294 -0.776673 -0.13148 -2.95644 -1.13327 1 
-0.466574 1.39995 2.10838 1.85272 2.95274 5.99609 1 
0.337395 -1.0682 -1.26908 0.0609072 -3.02424 -3.10854 0 
0.869462 0.0323955 0.446238 0.00565614 -1.16942 1.16134 2 
0.00371552 0.170165 -0.868728 0.288436 1.63629 -0.763144 0 
2.09639 -0.230077 0.00258093 -0.361993 -0.722827 4.15561 3 
-0.312512 -0.334798 -0.145316 0.996222 1.4811 -3.99711 0 
1.19941 -0.50416 -0.656824 0.0984634 -1.85973 2.81457 3 
-1.84254 -0.0298062 0.294412 0.246502 1.23569 -4.19367 3 
-1.20753 -0.27264 0.00352578 0.896251 1.84757 -3.00225 0 
0.926147 -0.24469 -0.0633341 -0.864553 1.66638 -2.14257 1 
1.93465 0.121542 0.493339 -0.678027 -0.674179 1.10677 1 
-1.36827 -2.00405 0.0527207 0.62872 1.13997 -2.21964 3 
-0.799392 0.708236 0.224058 0.0875173 2.75089 -2.3595 1 
0.251606 0.28402 -0.145778 -0.57378 0.79225 4.94627 3 
0.849019 0.557878 -0.77334 -1.013 -0.582661 -1.56874 0 
1.29276 -0.433679 0.198138 -1.03369 -0.423258 2.27507 1 
1.00383 0.13472 -0.227298 0.907462 1.95794 3.64934 3 
-1.01694 0.57494 -0.666273 -0.368828 0.35122 5.55162 3 
-0.0958189 1.39054 0.805803 0.0879388 -1.66716 0.0370245 3 
-0.0191629 1.22387 0.594186 0.200756 2.75874 -5.24979 3 
-1.71985 0.272753 -0.261638 -0.129165 -0.337826 -1.15822 0 
1.08239 -0.574575 -0.293708 0.110377 -0.307278 3.03452 3 
1.07138 0.854676 1.05059 0.0168649 -0.190932 -0.687936 2 
0.992685 -0.0955864 0.799983 -0.448621 2.28172 -2.68366 2 
0.546397 -1.50851 0.341036 0.389145 0.46208 3.71347 1 
0.0399649 -0.415481 0.225501 0.740229 3.5876 -2.1055 1 
1.63118 -0.475053 -0.291649 -0.428847 1.10935 -1.34329 1 
0.824712 -0.0563204 0.793882 0.29068 0.905611 3.3597 1 
1.27541 0.0322465 -0.572536 0.65308 -1.17139 -3.8348 0 
-1.8338 1.45068 0.613478 0.616826 0.829909 -2.65557 3 
0.977747 0.0636425 0.0706325 -1.55915 -1.10966 -1.55548 1 
-0.0748961 -0.37643 1.85469 2.24568 3.34205 6.73751 1 
-0.311189 0.867662 -0.323037 0.172319 -0.274235 -1.55467 0 
0.565951 0.405533 -0.382955 0.685682 0.627591 -4.83881 0 
1.01058 0.297223 0.33582 -1.12724 -1.91505 0.0022288 1 
-0.272731 -0.508929 0.52233 0.270403 2.29609 -4.97835 3 
0.985729 0.135337 -0.0882046 -0.511149 0.155037 4.97029 2 
-0.613642 -0.105686 0.966728 0.714951 -0.757359 -0.901506 3 
0.00406528 -1.05623 0.153501 0.713645 -0.126329 3.3384 2 
-0.0822693 0.545037 -0.720455 -0.486683 0.919858 0.122311 0 
-0.302754 0.830203 0.701925 -0.318739 0.311943 3.98222 3 
0.317908 1.30134 0.887398 -0.319838 -1.72226 -1.79041 3 
-1.35775 -2.14065 -0.846466 0.37332 -2.02838 1.81611 3 
0.716752 0.93688 -0.0939302 -1.06323 -0.69499 -1.82004 0 
-0.17743 -2.04911 -0.57888 0.713346 0.100106 -1.42076 2 
1.71321 -0.543001 1.2041 0.860655 2.42773 5.46113 1 
-0.968791 0.395158 0.705044 0.473219 -1.17905 -1.37972 2 
-0.368111 0.275266 0.422968 0.37409 2.293 -2.09792 1 
-1.28816 -1.98787 -0.219015 -0.373284 -0.057067 5.22652 2 
0.504706 1.21145 0.407714 -0.553126 1.81066 -1.683 1 
0.102451 0.68453 0.0634379 0.297989 2.67587 -1.76716 1 
-0.53253 0.444795 0.338746 -0.114953 2.26441 -2.0496 1 
-0.563013 0.16816 -0.690064 -0.720807 0.786734 -0.189585 0 
-0.370237 0.777889 0.232754 0.312846 -2.88725 -1.98796 2 
-0.651475 -1.60214 -0.391121 1.81519 0.188054 4.49833 3 
-0.456575 -0.408017 -0.337209 0.285022 0.872678 4.24894 3 
0.570123 -0.906113 -1.70932 0.324209 -2.04446 -3.5876 0 
1.26258 0.347948 -0.814761 -0.398043 0.38163 -1.1289 0 
0.997524 0.298498 -0.402864 -0.191948 -0.605789 -0.213388 3 
0.731013 0.472018 0.205052 0.17425 3.22806 -2.58104 1 
0.377972 -0.498938 -0.156035 -0.552219 1.70832 -1.57566 1 
1.3408 -0.0828842 -0.263762 0.766688 1.8328 3.89825 3 
-0.146969 1.23013 0.277135 0.00871463 -3.58352 -0.204891 3 
1.0044 0.477151 -0.142976 -0.557296 -0.379595 -3.2397 0 
0.195047 0.77359 0.0756396 -0.618226 -0.882084 -1.62245 1 
0.35612 1.44191 1.42041 1.66258 0.91314 2.83018 1 
1.29333 0.0258234 0.430051 0.207932 0.104745 -3.49847 3 
-0.0159827 1.5991 1.34844 -0.0713404 0.0829983 -1.20793 3 
0.473722 -0.89925 0.028431 0.323381 1.75928 -1.73352 2 
1.29872 -0.430227 -0.21468 -0.588685 0.84384 5.00144 3 
1.47503 -0.127218 -0.207828 -0.320816 1.2837 -2.05349 1 
-1.13171 -1.99039 -1.64063 0.813917 -1.62578 -4.41789 0 
1.42681 0.0832655 -0.514502 -0.232785 0.997934 4.65258 3 
-0.480744 0.69454 -0.45754 0.097648 1.08095 -0.791387 0 
1.39758 -1.07215 -0.395373 -0.195562 -0.486024 1.98438 1 
0.40205 1.07865 0.287543 -0.0415153 2.2197 -1.84658 1 
-0.155456 0.3217 0.0787645 0.539319 1.14782 -3.15443 2 
0.548365 0.222887 -1.23046 -0.183682 -1.5681 -1.63249 0 
0.0976561 -2.09452 -0.285636 -0.0753571 0.289544 4.44454 2 
-0.00816853 -0.630842 -0.344369 -0.236969 -2.08413 -3.44309 0 
-1.46044 -0.473443 0.0311541 0.0452369 -0.549597 4.39911 2 
0.37995 -0.107764 0.455569 0.0222766 1.94631 -2.39615 2 
-0.155892 -0.00281397 0.724236 0.306865 2.53418 -5.64799 0 
-1.98872 -0.06749 0.702731 0.384088 1.91341 -6.14733 2 
0.463966 0.0184615 0.132653 0.475631 3.38702 -2.38685 1 
0.241963 1.49637 0.418575 0.556091 0.0454553 3.46025 2 
-0.19605 -0.315668 -0.761789 -0.879447 -0.902218 -2.10898 0 
0.218293 1.06316 -1.05714 0.112782 1.91088 -0.461429 0 
1.80403 -0.0526755 0.765055 -1.12258 -1.88553 -1.05008 1 
0.564024 0.588693 0.282984 0.127745 2.83839 -2.08582 1 
-0.162768 0.400267 -0.300981 0.941846 0.595297 4.51125 3 
0.191458 -0.11795 -0.212832 -0.0384092 1.93784 -1.3912 1 
-0.289185 0.92221 0.4442 0.0494664 -3.00042 -2.00373 3 
-0.522015 -0.695516 -0.592247 0.707356 -1.27659 -0.445315 3 
-0.0110254 -0.681372 0.106352 0.0317935 2.95832 -2.56859 1 
0.654123 0.760265 0.247899 -0.811102 -0.122656 4.66559 2 
0.752843 0.682444 -1.13361 0.510973 2.26803 -1.16891 0 
-0.463294 0.504747 0.0674758 0.931921 1.50206 -2.74078 0 
0.439117 0.987824 0.685469 -1.07299 -2.79539 -1.5875 1 
0.228906 1.825 0.906224 0.385539 -1.55062 -0.925467 2 
0.282855 0.0748567 0.458101 -0.143609 0.439616 4.60712 3 
-0.430989 1.04287 0.336852 0.258801 0.122359 -5.35978 2 
-0.948502 -0.79001 -0.207145 0.667377 1.6296 -3.34738 0 
0.954408 -0.969406 -0.225509 -0.52353 0.695566 5.46505 3 
-0.509597 0.809691 -0.678491 -0.0527104 1.25967 -1.11514 0 
0.169047 -1.21553 -1.03386 -0.170924 -1.92167 -1.54188 1 
0.503209 0.3824 -0.648081 -1.04803 0.890951 -0.309712 0 
-2.57878 -0.627577 0.530242 1.26047 -0.95445 4.28884 2 
-0.336325 0.0948896 0.41386 0.75705 -2.10556 -2.21221 2 
-1.20268 -0.823698 -0.903304 0.996402 -1.98434 -1.36683 3 
0.52921 -0.872269 0.606447 -0.0749561 0.0782275 2.75173 2 
1.1219 -0.644049 -0.675173 -0.261205 1.15996 4.95913 3 
-0.115263 0.532065 0.656559 0.562903 2.06661 -4.6449 2 
0.253157 1.70353 1.23437 -0.273737 -1.31464 -0.221575 2 
-0.270423 -0.989837 -1.25651 0.716622 -0.982841 -3.90499 0 
-0.217823 0.837384 -0.656226 0.342199 -2.8818 -4.00622 0 
-0.273701 -1.31776 -1.02323 0.569096 -2.32806 2.38662 2 
-0.0421179 0.911445 0.047912 0.350557 2.24919 -2.07893 1 
0.369493 -0.25839 0.466353 0.59851 3.11122 -2.53034 1 
-0.387852 -1.34411 -1.20454 0.296182 -2.24302 0.635142 2 
0.332138 -0.612728 -1.47813 0.174148 -2.5836 -3.9708 0 
0.707788 0.667421 0.262711 0.36223 1.9256 -4.93329 0 
1.06516 -0.738455 0.0300921 -0.740247 2.39119 -1.99376 1 
2.07818 -0.108006 -0.368245 -0.330107 -1.17106 1.06546 2 
-0.215141 1.9232 -1.43909 0.0933355 -2.22058 -0.988412 0 
-0.486965 1.52686 -7.37876 -0.222049 2.11797 2.17683 0 
0.237176 1.29668 1.85174 1.78687 3.04405 6.30185 1 
1.25473 -1.0854 -0.671746 -1.19899 -1.09781 -1.41921 1 
0.630472 -1.13851 -0.499234 0.304525 1.45749 -1.85149 1 
0.717967 -0.119344 0.0414505 0.397907 1.77507 -3.33095 3 
-1.72327 0.642568 0.13094 -0.0353282 -1.05385 5.00891 2 
1.1954 0.146696 0.257501 -0.952168 -2.69316 -1.77037 1 
1.89878 0.193083 0.223737 0.129833 -1.1867 1.10493 3 
0.224331 0.245175 0.0580124 -0.493808 1.09558 -1.85575 1 
0.098027 1.04874 0.711058 -0.409925 -3.17765 -1.80623 1 
-0.217 0.595504 -0.611396 0.207237 -2.50794 1.39843 2 
0.835702 -1.69309 0.203901 -0.151595 0.217389 4.41187 2 
0.497861 -0.122042 0.816925 0.0326035 0.221702 -1.21645 2 
0.425034 0.199074 0.416546 0.377619 3.21508 -2.32494 1 
0.622622 -0.747626 -0.562231 -0.357077 -1.93113 -3.58539 0 
-2.6586 0.520202 0.270358 0.407598 -0.827593 4.82809 2 
-0.493473 -1.13949 -0.532213 0.572576 -0.812582 -1.08548 2 
-0.0438206 -0.863543 -0.882182 -0.534267 -1.10691 -0.457561 0 
0.66612 0.633043 -0.908805 0.163011 1.91498 -0.70379 0 
-0.485758 -0.138553 -0.104269 -0.387847 -0.0277267 4.2343 3 
0.273761 1.31758 0.36237 -0.223238 -0.492219 4.66485 2 
0.949774 -0.677488 -0.15294 0.0904835 0.172103 4.78287 2 
1.39628 -0.0891083 -0.138637 0.165753 0.376438 3.61051 3 
0.25912 -0.431167 -1.05312 0.66719 -2.48922 -0.103257 3 
0.497214 0.0162452 -0.216175 -0.0754639 0.416332 -4.03534 3 
0.30853 -0.15437 0.185531 0.410279 3.09748 -2.54266 1 
0.451388 -0.75175 -0.012829 -0.105147 -0.296038 -3.2736 0 
-1.4849 -0.829329 0.147688 1.18174 0.0685031 4.48585 2 
-0.296151 -1.72916 -0.37224 0.066055 0.793918 4.26632 2 
0.956449 -0.532528 0.22071 0.217625 0.198759 2.85033 1 
-0.124445 1.47071 -0.430305 0.448475 -2.13794 -4.78812 0 
-1.39713 1.29558 -0.0815535 1.37038 0.77309 4.63895 3 
-1.2813 0.443031 0.575615 0.317294 0.278467 -3.43608 3 
1.04311 0.652741 0.642978 -0.00884081 -0.38288 -2.60719 3 
-0.625168 -1.12417 -0.216978 -0.376806 0.515281 5.31275 3 
-0.461321 1.73712 -7.57119 0.619027 2.72096 1.12092 0 
-0.357499 1.42581 0.556828 0.401454 0.306155 -4.39963 3 
1.00606 0.726785 0.157534 -0.491804 1.91599 -2.03817 1 
-0.337157 -1.52466 -1.20642 0.922329 -1.04261 -1.64033 2 
-0.971253 -1.0252 0.0459292 0.432059 2.98864 -3.98553 0 
1.66714 0.108598 -0.133559 -0.194902 0.494351 1.21356 3 
0.724458 0.96526 1.33308 0.00603295 -0.197267 -0.423465 3 
0.332287 -0.962243 -1.52113 0.567978 -0.611039 -3.33938 0 
1.63755 0.441698 0.83011 0.954337 -0.332381 0.460832 1 
0.100888 -1.0632 -1.02722 0.494524 -2.1028 -3.08388 2 
-0.200948 -1.4927 -0.803518 -0.585801 -1.97687 0.554189 1 
0.82533 -0.109111 -1.18276 -0.507335 -2.93943 -2.26033 0 
-0.788052 -0.110595 0.652724 -0.602037 -0.345237 4.7313 3 
-1.42524 1.04517 0.967131 0.220564 -2.65583 -1.25011 2 
-0.0527727 2.2952 0.857031 0.205214 -1.2482 -0.359167 3 
0.230819 1.1172 0.401284 -0.854903 -0.201401 4.52798 2 
0.16046 1.87831 -0.85155 0.0308054 -2.22951 -3.10112 0 
0.185229 -0.534166 -1.43936 0.375165 -1.99994 -4.1797 0 
-0.408655 1.79135 -0.135373 0.644069 -0.917936 -3.68237 3 
0.0260788 0.862315 0.633702 0.776635 3.16747 -2.73531 1 
-1.42433 -0.261425 -0.27712 0.906024 0.498173 4.20808 3 
0.467738 0.828922 -1.06123 0.00568229 1.82454 -0.19577 0 
0.128474 0.118892 0.711803 0.0506119 2.50565 -6.35669 3 
0.952498 0.822472 0.710109 -0.817697 -2.15703 -1.35355 1 
-1.1712 2.1522 1.15474 0.67096 1.75159 -5.92781 2 
-1.27734 0.795807 -0.129194 0.926445 -3.956 -3.35041 3 
-1.00479 -0.076664 -0.832468 0.486137 -2.44989 -2.13734 3 
-1.04833 0.145038 0.460178 0.334532 2.35757 -5.01819 0 
0.0336739 0.266054 -0.541341 0.366196 0.694771 -2.99715 0 
1.58164 0.365965 -0.108597 0.809719 1.91315 3.55002 3 
0.837444 -1.0259 -0.127457 -0.800691 0.337876 5.27989 2 
1.3282 -0.421346 -0.88007 -0.208758 1.32913 -0.760384 0 
-1.22892 1.82012 1.25554 0.727235 -1.87605 0.513855 2 
-3.87976 -0.197877 0.185852 0.407578 -1.08944 4.93202 2 
-1.51092 2.18266 0.857725 0.801528 -0.75737 -3.30517 2 
-1.3775 -0.294716 0.128744 0.412082 0.12548 3.89566 2 
0.608801 -0.622424 -0.590576 -0.489573 0.100974 -2.04725 1 
1.03137 -0.465119 -0.279169 -0.854323 0.174307 -1.746 1 
0.2637 -0.738454 -0.639485 -0.652811 -0.836758 2.07588 1 
-0.428355 -2.07558 -1.53392 0.453207 -1.60187 -2.63082 0 
0.321083 -1.19064 -0.416915 0.735526 0.559234 -3.36199 2 
0.852217 0.79378 0.23902 0.868142 -0.681636 3.1089 3 
0.111631 -1.32423 -0.00199298 -0.272287 2.59735 -1.9069 1 
0.82647 1.20264 0.236817 -0.0120627 -1.50775 3.23046 3 
-0.544183 -0.782701 0.565056 0.0290195 2.56365 -4.371 3 
0.117747 -0.26059 -0.353081 0.290355 1.57853 -2.99562 0 
-0.0707244 -1.29671 -1.37181 0.867902 -2.81444 -1.8635 2 
-0.07074 0.559044 0.0509939 0.408713 3.03696 -2.07924 1 
1.79186 0.198394 -0.525877 -1.04426 -0.979049 1.29688 1 
-0.0847834 -1.78925 -0.309517 -0.257025 -0.256386 4.98483 3 
1.72876 -0.642873 -0.261758 -0.0258723 0.276665 2.74286 3 
0.289389 0.171434 0.226927 -1.47675 0.790165 -1.18037 1 
-0.234712 1.67889 -6.57334 -0.419087 1.68786 4.24426 0 
1.14769 -0.710887 0.31048 -0.337399 -1.51079 0.32452 1 
-0.46433 1.53235 -7.28471 -0.223598 2.08012 2.49562 0 
0.504524 -1.20995 -0.23107 0.116197 0.567782 -1.68942 3 
0.886356 0.70606 0.343162 -0.502638 -2.70028 -1.30355 1 
-1.31666 1.08204 0.864629 0.774632 0.870906 -2.785 2 
0.805747 1.00469 0.236099 0.641165 0.591045 4.01404 2 
-0.611679 0.679499 0.763873 0.0286456 -0.452943 -2.13778 2 
0.0961285 0.547583 0.147704 -0.219749 0.350255 3.93041 2 
-0.329766 1.39206 0.536277 0.311637 1.53182 -2.83282 2 
-0.224421 1.72799 0.178099 0.138352 -4.08249 -1.13677 3 
1.22688 -0.267797 0.0556589 -0.246946 -2.45343 0.382912 3 
-1.23606 -0.929003 -1.23045 0.595067 -3.15171 1.20354 2 
0.310535 -0.73108 0.704843 0.441806 2.77255 -5.73805 0 
0.288466 1.57661 0.15842 -0.417751 0.395265 -1.7329 1 
-1.42625 -0.236537 -0.688581 -0.00661089 1.12861 -0.493559 0
-0.104608 0.403947 0.764599 -0.940206 -2.93972 -0.985868 1 
-0.0101721 1.43554 -0.111688 0.19692 -2.61377 -2.29784 2 
0.00730232 -0.103797 -1.01864 -0.107922 -1.15765 -2.70794 0 
0.201199 -0.6352 -0.871524 0.705264 -0.0615243 -4.47239 0 
1.561 -0.615256 0.00291106 -0.459407 0.600216 2.87807 2 
-1.81672 -0.146618 0.0732756 0.881229 0.401016 -1.80102 2 
0.146824 0.706009 -0.0652492 -0.11075 2.84252 -1.97946 1 
0.244696 -0.130891 -1.36021 0.171039 2.10056 -0.124011 0 
-0.388021 1.51634 -6.58727 -0.0163834 1.66269 4.22785 0 
-1.1165 -3.2329 -1.0981 0.687163 -2.39554 3.50426 2 
1.06554 -0.378242 -0.605586 -0.538338 0.841426 -2.33356 0 
0.989835 1.10078 0.516941 -0.771826 -0.00923332 4.03237 3 
-2.0792 -0.492106 0.0572023 1.36465 0.530505 3.98989 2 
0.374203 0.876915 0.217717 0.325 2.60717 -2.18817 1 
-0.769627 0.266161 0.528331 -0.12559 -1.775 -0.428034 2 
0.270094 0.230641 -0.0612522 -0.431431 -1.42896 -2.12251 1 
0.723464 -0.103975 1.05252 -0.318896 0.371572 2.02507 3 
-0.453108 2.2298 0.490938 0.173222 -2.20341 -2.37205 2 
-0.277884 0.721046 0.172519 0.525808 2.68852 -2.19794 1 
1.29051 0.351428 0.0479647 -0.264517 -1.52589 2.59689 3 
1.52825 -0.233397 -0.0598289 -0.613233 0.722352 2.58107 3 
0.0660119 -0.0501376 0.0820789 0.0836558 1.3693 -2.14187 1 
0.711605 0.24858 -0.339156 -0.218671 -0.821602 -3.05611 0 
1.35929 0.0592922 0.930633 -0.637311 -1.63792 -0.736105 1 
0.222549 0.836991 1.22032 -0.390451 -0.476796 1.95081 2 
0.279234 0.738114 1.58904 2.59278 2.60676 4.53886 1 
0.0525353 -0.720817 0.465723 0.541437 -0.808998 3.73722 2 
-1.34737 0.648004 0.0287075 1.06965 1.79788 -3.37328 0 
0.537004 0.154983 0.781027 0.0714081 -0.770887 2.80269 2 
1.43485 -0.615316 -1.70336 -0.250166 -2.61535 -2.69489 0 
0.213644 1.32432 1.30301 -1.01867 -0.356104 1.34081 3 
0.159269 1.09044 0.168308 0.102647 0.223686 4.35987 2 
-1.7486 -0.0158908 -0.0206764 0.767189 0.475396 -4.98864 0 
-0.260725 0.131417 0.248394 0.365585 3.0647 -2.47644 1 
0.18424 -0.996277 -0.165743 -0.168662 0.23691 4.88282 2 
0.0682672 0.814963 -0.372658 0.527013 -0.0952013 -3.67805 0 
-0.263828 -1.86904 0.118402 0.522565 0.127468 4.49951 2 
-0.158958 0.058718 0.969212 0.428405 0.00116523 -1.24353 2 
0.109626 -0.794825 0.153903 0.576701 3.45203 -2.54683 1 
0.928972 -1.02622 -1.04118 -0.592244 -0.554357 -2.2553 0 
-0.352135 0.956836 0.119672 1.40574 0.244716 2.95848 3 
0.0320333 1.52718 0.869176 0.333807 -0.894378 1.61167 1 
-0.135037 0.0396753 -0.0956933 -0.522709 -0.227021 -1.80926 1 
-0.492319 -0.378866 -0.0486385 0.399957 3.31604 -4.17589 0 
-1.67354 -2.2823 -1.14365 0.887924 -1.58723 -4.15907 3 
-0.909758 -3.05827 -0.920834 0.668951 -1.61644 4.41083 2 
-1.00345 -1.30532 -0.251111 0.636583 1.18292 4.2507 3 
0.152762 0.0606961 0.354209 -0.816619 -1.67141 -1.57931 1 
-0.0503782 0.681714 -0.315922 -0.0786433 -0.184912 -1.74331 0 
0.14287 -0.722848 0.0499548 0.54776 1.04075 -4.05403 3 
-0.375856 -1.15065 -0.27935 0.00482975 -1.30882 -0.194533 3 
0.00547745 0.0859822 -0.251528 -0.60182 -1.50717 1.29766 1 
1.57228 -0.212257 -0.401952 0.183587 -1.40441 3.25292 3 
1.3174 0.113542 0.113816 -0.687136 2.23552 -2.17154 1 
1.33092 -0.370354 -0.588611 0.361813 0.491057 -1.13228 2 
0.0674092 -0.538589 0.279501 0.804814 0.739013 3.61486 2 
0.887014 -0.518856 -0.382759 0.279771 1.39121 -1.81349 1 
0.744884 -0.199252 0.719217 0.414632 2.43966 -4.13242 2 
-0.484868 1.08194 0.197231 0.0221302 1.05462 4.14294 3 
-0.950855 -1.76189 -0.19763 1.18008 0.430562 -3.42058 3 
1.8684 -0.106302 0.432093 -0.556692 -2.31141 -0.880365 1 
1.02102 0.198363 -1.0283 0.0645551 2.25353 -0.738736 0 
-0.256784 0.69546 0.265781 0.388177 2.78762 -2.27205 1 
-0.074628 0.601593 0.433528 -3.29204 2.89702 -1.33313 1 
-0.0281301 0.870936 -1.12844 -0.588191 0.983896 0.0994861 0 
-2.11067 0.339924 -0.053004 0.384966 -0.648092 4.81389 2 
-0.863377 1.22412 1.09142 -0.332971 -0.991825 1.48132 3 
-0.979563 0.195121 1.09754 0.0764967 -0.876059 0.996252 2 
0.649755 0.734721 0.780494 0.434792 1.45144 -3.6561 2 
0.166676 0.169641 0.180625 -0.9726 0.469009 4.94243 3 
0.731929 -0.0530928 -1.14305 -0.436738 -2.56413 -1.39409 0 
-0.694623 -0.219839 0.0229938 -0.0342021 -0.614522 3.8615 3 
-0.276349 -0.330581 -0.0498177 0.420024 0.730981 4.60935 3 
-0.104823 1.85128 1.14521 0.276227 0.684396 -1.72836 3 
1.84808 -0.415944 -0.785455 -0.214045 -1.85639 1.27273 3 
0.716155 0.233079 -1.0142 0.709132 1.41596 4.66585 3 
-1.11737 -0.151098 -0.654888 0.870159 0.655642 -2.884 0 
-0.319888 -0.18871 -0.850309 0.290069 1.728 -0.205362 0 
0.875861 1.01292 0.00651512 -0.353339 -3.33102 -2.00359 1 
0.530045 -1.16576 -1.16687 -0.496493 -1.97386 0.236582 1 
-1.06335 -1.55075 0.392749 0.477042 -0.461306 4.17127 2 
-0.298817 1.6573 -7.18484 0.8823 2.33149 2.39957 0 
-1.04988 -1.58532 0.604508 0.755034 2.5679 -4.60045 2 
0.958569 -0.00139354 1.85464 2.05232 3.54999 7.01877 1 
-0.45172 1.62858 -7.65993 0.255071 2.55961 1.15161 0 
-0.349996 1.57689 -7.19975 0.169274 2.18802 2.49307 0 
-0.437355 1.44215 -0.411544 0.23963 -0.266316 -1.2333 0 
0.38451 -1.2423 -1.29131 -0.213701 -1.49099 -1.90451 0 
-0.979739 1.27488 0.0318367 0.781558 -3.50854 -3.79525 3 
-0.992868 0.965613 1.06902 -0.182935 -0.766423 -0.50743 2 
0.0249364 1.41021 -0.71402 -0.792931 0.294131 -0.263713 0 
1.31339 -0.107679 -0.196757 -0.528594 -0.0397859 4.81504 2 
-0.105769 1.74624 0.604949 0.373506 -1.07767 -3.34121 2 
-0.0106517 1.25412 0.0968506 0.576874 0.381052 -4.75612 0 
-1.73969 -0.446562 0.315151 0.722816 -0.480048 4.20353 2 
0.381717 0.93988 0.159025 0.347234 0.153187 -4.07439 2 
0.701006 0.438718 0.488469 0.255901 1.97935 -5.0223 2 
0.40564 0.958491 -0.0388787 -0.0799816 0.195411 4.5836 3 
1.00621 0.57761 0.503313 0.119337 2.20713 -4.08323 3 
0.86354 -0.140301 2.36292 0.288525 2.97119 6.19866 1 
-0.288837 1.72379 -7.49507 0.164679 2.59539 1.48038 0 
0.0577648 0.477512 0.630775 -0.192058 -0.372953 4.36811 3 
-0.571726 0.225736 -0.512347 0.586919 -0.152165 -2.00902 3 
1.02892 -0.709351 -0.704141 -0.566324 1.39395 0.11343 0 
0.264482 0.120157 0.585056 0.149441 -1.13942 1.2167 2 
0.893702 -0.419746 -0.91305 0.0735259 0.802941 -0.78404 0 
-2.68265 -1.33487 1.73376 -15.4066 2.24768 3.90846 0 
-0.184427 0.74197 -0.238148 0.173797 0.573316 5.14185 3 
-0.487612 0.764792 0.635966 0.701194 2.98783 -2.55133 1 
-0.480572 0.29198 -0.602428 -2.74776 -1.50225 -2.16854 0 
-0.749548 0.146713 -1.32882 -0.31989 -1.61583 -0.584303 0 
0.787942 -0.959596 -0.373714 -0.539663 0.588503 -0.97366 1 
1.89777 -0.273119 -0.137835 -0.0889734 0.498416 1.11489 2 
1.6567 0.0710666 0.8342 -0.136915 -0.158866 -1.51732 3 
0.434328 -1.4421 1.77531 2.12196 3.77107 6.49072 1 
1.62946 -0.306202 0.133193 -0.3177 -0.04471 -1.82677 1 
0.452725 0.766904 0.243779 -0.468001 -2.44776 -0.887626 1 
0.720868 -1.13623 -1.14483 -0.6817 -0.91039 -2.67635 0 
-2.41624 -1.49914 -0.365592 0.34192 -1.84022 4.21066 2 
-0.607412 0.825209 0.777714 0.172278 -1.16874 -2.28565 3 
-0.659609 -0.76329 0.328724 1.33383 1.03127 3.45166 3 
-0.467013 -1.74428 -2.0314 0.178632 -2.88034 -1.86813 0 
-0.786032 0.60292 0.081486 0.0869695 -1.52353 2.87885 3 
0.28402 1.07658 -0.0305479 -0.630889 -1.65801 -1.68526 1 
-0.476987 1.72773 0.878398 -0.172667 1.26735 -4.10394 3 
0.969216 0.399946 0.389214 0.942473 0.258762 -2.8024 2 
0.738678 -0.411924 -0.497569 -0.461938 0.154563 -1.65396 1 
-0.324826 2.16334 0.937119 0.0551341 -1.40454 -0.847814 2 
1.32961 -0.479895 -0.824674 -0.506945 -1.03612 -0.207369 2 
0.220036 0.923768 0.67073 0.109855 2.53727 -5.64878 3 
-0.426028 0.459626 0.165301 -0.0327697 2.51109 -2.16753 1 
-1.2196 1.96223 0.603588 0.232096 -2.40748 -2.93657 3 
-1.54076 0.431837 -0.534127 0.277908 1.31601 -0.931795 0 
-0.41193 1.39928 -0.224872 0.968552 -0.403505 3.96787 3 
-0.0433153 -0.685975 -0.878369 0.0885148 -0.98307 -1.8752 1 
0.846011 1.05258 0.389932 -0.783254 -3.01221 -1.84507 1 
0.072662 0.0325074 0.0604362 -1.06682 1.13358 -1.43184 1 
-0.290207 0.641849 -0.0826541 0.813147 -3.08697 -3.42437 2 
0.272324 -0.779551 0.0412296 0.617636 2.77581 -3.64963 0 
0.75732 -0.185888 0.762721 0.0285963 -0.042543 2.87001 3 
1.60513 0.0220428 -0.312725 0.137719 -3.14563 -3.32188 2 
0.05043 -0.795012 0.0075881 0.591649 2.75236 -2.10199 1 
-1.21388 0.336025 0.765042 -0.0680849 -1.90508 0.560044 3 
-1.31893 2.19668 0.276574 0.591918 -2.13167 -3.41011 3 
-1.08188 0.266161 0.392354 0.377948 0.00188897 4.57865 3 
-1.46755 1.60298 0.846525 0.293809 -1.96954 -0.783475 3 
-1.74701 -0.548919 0.244489 0.976772 -1.2834 3.85106 2 
-0.506976 -0.792244 -0.640024 -0.263685 -1.44178 -3.04896 0 
1.40126 0.600663 0.0111629 0.230077 -0.258473 4.33138 2 
0.137364 1.54963 -6.4282 -0.588256 1.47924 4.65506 0 
-1.38728 1.52007 0.87323 0.75966 0.333881 -2.35248 2 
-0.989138 -0.169876 0.171565 0.397467 2.34868 -2.08838 1 
-0.83104 0.115585 0.410715 1.30182 0.447527 3.56029 2 
0.37843 0.655331 -0.491545 0.206108 -1.9696 -3.70977 0 
-1.77745 -1.27473 -0.477922 1.04312 1.62695 -2.87743 0 
-0.332156 -1.42557 0.482191 0.458967 2.15372 -2.65724 3 
0.844074 -0.756937 -0.52418 -0.0193143 -0.421612 1.27934 3 
-0.463096 2.37447 0.25143 0.522031 -2.54272 2.61187 2 
1.38392 0.442456 -0.152591 0.220471 -0.56635 2.92708 2 
-0.6723 -0.917495 -0.446111 0.0503121 1.69053 -0.760067 0 
-0.313041 0.193192 -0.654493 0.638254 -1.1869 -4.56404 0 
-0.329237 -1.02959 -0.561779 -0.0327934 -1.16732 2.27576 3 
-0.152155 0.497672 1.95936 -0.162339 2.04497 5.62079 1 
-0.436274 -1.28682 -0.921014 0.0767287 1.8243 -1.00162 0 
-0.912774 -1.0331 -0.59009 0.466391 -1.05067 2.81813 2 
1.90746 0.210515 -0.176513 -1.27611 1.11536 4.47372 3 
0.540562 0.06945 0.482448 0.193059 0.653108 3.27425 1 
-0.78215 -1.20627 -0.409323 -0.722916 -1.31173 -1.69488 0 
0.404721 -0.869888 -0.5252 -1.219 -0.617155 -0.391375 1 
0.745639 -0.352565 -0.108754 0.481823 -2.4908 -1.51078 3 
-1.10101 1.20871 0.106091 0.0880939 -2.90333 -1.15402 3 
0.610809 -1.13025 -0.689035 0.108683 -1.21418 -1.47505 1 
1.56493 -0.308514 -0.04798 -0.169666 -1.2185 3.45264 2 
0.322294 1.04066 0.321096 -0.458449 2.58228 -2.28355 1 
-0.305017 0.572338 -0.00938979 0.889498 1.96607 -2.54848 0 
0.276088 -1.33494 -0.866808 -0.812274 -0.297422 -1.74255 0 
0.622035 -1.55673 -0.173199 -0.524935 0.891422 5.1204 3 
1.09959 0.202108 -0.331486 0.183256 -2.9511 0.440575 2 
-0.0714835 -1.78036 -1.79934 0.525564 -2.57037 -2.87091 0 
-0.250886 -0.22331 -0.0555531 0.607307 -1.27279 3.63639 3 
0.316603 -1.57649 -0.493946 -0.114957 -0.517084 0.453994 3 
-0.597828 -1.39942 0.793295 0.973207 2.85077 -2.85281 3 
1.00343 0.147487 -0.204616 -0.520684 -1.02717 1.8252 1 
-0.119793 -0.0843427 0.170247 -0.746802 1.79617 -1.92529 1 
0.569723 0.912351 0.0508159 -0.74376 1.93389 -2.28172 1 
-1.55661 0.0213198 -0.184471 0.890995 1.19814 4.02576 3 
-0.852722 -0.473442 0.448371 0.38529 -0.316191 4.46169 2 
0.0245528 -2.03807 -1.89078 0.26047 -2.96341 -3.07455 0 
1.32518 -0.14889 -0.235176 -0.384466 1.36637 -2.04463 1 
-0.951236 1.06041 1.10479 0.0193492 -0.218531 3.94939 3 
-1.62629 -1.41523 -0.0013702 0.35216 0.704668 -1.82628 2 
0.549918 0.0961666 -0.0524482 -0.220206 0.63132 -1.83883 1 
-0.162991 1.69679 -6.40103 -0.580262 1.59063 4.65991 0 
-0.0727488 0.412864 0.444795 0.274321 3.16335 -2.36283 1 
-0.78532 -0.39869 1.63384 -13.9545 3.47923 0.867923 1 
-0.0170371 -1.24097 -0.926282 -0.363964 -2.03441 -0.933899 0 
-0.609378 -1.77331 -1.16239 -0.0658935 -0.591217 -2.54289 0 
-0.782227 -1.71381 -0.85825 0.186917 -0.287631 -4.40074 0 
0.190266 1.88256 1.36842 0.0482557 -0.195737 1.6622 1 
-0.222054 -0.895682 0.11152 0.299406 0.135894 4.64622 2 
-0.353605 2.49535 0.542283 -0.131746 -2.27412 2.49353 3 
0.378093 1.4309 0.580752 -0.0865158 0.305834 -2.42465 3 
-0.370922 0.0799755 0.10119 -0.0785666 2.42299 -2.1979 1 
0.941219 -0.258409 0.0332637 -0.301245 -0.497873 1.4014 1 
1.29266 0.431445 -0.427031 -0.75143 -0.72324 -2.02182 0 
0.052004 0.311835 -0.431174 -0.527087 0.588463 -0.27899 0 
-2.20079 -0.305603 0.678903 0.251904 1.378 -3.00279 3 
-1.87425 -2.63857 -0.13152 0.594267 0.981697 -5.32622 3 
-1.28256 -0.486196 -0.665202 0.592704 0.793114 -1.05597 0 
-0.969347 -0.79164 -0.921861 -0.305495 -0.117862 0.164877 0 
1.0319 -0.364076 1.03605 -0.127127 -0.231671 2.56404 3 
-1.8427 0.145132 0.296392 -0.265783 -0.588871 5.17718 2 
-0.904644 -0.101621 0.195234 0.259655 2.56381 -2.31984 1 
0.810234 -0.196619 -0.840511 -0.071219 -0.958012 0.958784 1 
-1.81932 -1.16019 0.453362 1.05006 1.3836 -4.04257 2 
-0.747717 -0.489374 -0.831581 -0.0349446 1.58756 -0.424667 0 
0.605891 -1.27203 -1.03366 -0.214055 -2.41375 -1.69543 0 
-3.18207 -1.40076 -0.470302 0.935764 -0.981315 -4.41108 2 
1.24643 -0.149496 -0.649944 -0.437272 0.5666 -1.74728 0 
-1.37002 -1.78457 -0.915812 -0.105064 1.05491 -0.525102 0 
0.907043 0.232367 -0.0432204 -0.261099 1.02809 -2.04402 1 
-1.06959 0.413779 0.262774 -2.35089 0.758907 -1.87193 1 
-0.226518 -0.20417 -1.12792 -0.486274 -1.08078 -0.0543797 0 
0.478482 -0.391838 0.78054 -0.159134 -0.317731 2.66242 1 
-0.832568 -0.919168 0.862094 0.548349 -0.220053 2.40643 2 
-0.397951 2.4007 0.532709 0.175354 -2.40495 -2.35023 2 
-1.93925 1.99861 1.11518 0.682228 -2.4231 1.29796 2 
0.62522 -0.355925 -0.424215 1.01545 1.25697 -3.19174 0 
-1.83012 0.465363 -0.0750769 1.4051 0.955141 3.74729 3 
-0.874401 0.80863 0.294975 -13.422 0.582851 2.92698 0 
1.01954 -0.185186 -1.12953 -0.0374126 1.92079 -0.753303 0 
0.645781 -1.04951 -1.18992 -0.673231 -0.908064 -2.64875 0 
-1.92593 -0.444414 0.0740407 0.688079 0.648674 -4.04479 2 
0.952428 0.0165765 -0.552621 -0.568819 -0.545033 -1.47936 0 
0.255375 1.01909 -0.165049 0.333296 -3.52397 -1.69369 2 
-0.2127 -0.22316 0.169212 0.0534389 3.26123 -2.66356 1 
-0.858883 2.95524 0.568228 0.830998 -1.74297 3.73832 3 
0.16557 0.250747 0.266249 0.171541 3.21517 -2.46504 1 
-0.616304 -0.487794 -0.462767 0.366222 -2.20406 0.143532 3 
0.772249 1.37392 -0.108839 -0.0840038 -0.430861 4.79365 3 
-0.937728 -2.418 -1.50064 -0.221917 0.09475 0.314636 0 
0.119416 0.623763 0.0567449 -0.425319 -1.4769 -1.74941 1 
-0.564247 -1.57232 -1.30513 0.497324 -2.9787 -1.02388 2 
-0.631609 1.83729 -0.308451 -0.782387 -2.20411 -2.72949 0 
1.24109 -0.233326 -0.347501 -0.278266 -1.76659 2.57484 2 
0.145787 1.03565 0.673557 -0.908075 -1.45432 1.16055 1 
-0.772421 1.35477 0.243471 0.232543 -4.0514 -2.20643 3 
0.227761 1.57976 0.626043 0.222365 -1.19641 3.64262 2 
-0.0267375 -0.522348 -0.271759 -0.443613 -0.338945 -1.99689 0 
1.30096 -0.241294 1.76411 0.543103 2.63621 6.44995 1 
-1.24231 0.471196 0.0823648 0.922824 -2.37552 -2.57294 3 
0.459053 -0.451592 -0.866465 0.354747 0.726952 -2.98385 0 
-0.769568 2.45006 0.522454 0.551212 -0.558019 -2.15633 2 
-0.38642 -2.24055 -1.02638 0.935744 -0.631833 -1.20634 3 
1.27545 0.128378 0.792674 -0.35591 3.0023 -4.45028 3 
-0.344113 -2.39095 -0.836917 0.0806222 -1.87404 3.7828 3 
-0.496332 0.302266 -0.0724357 -0.0543628 -2.92997 -0.489608 2 
0.740691 0.19966 -0.384636 0.421274 -0.445063 -3.18773 2 
-0.0576137 1.79805 0.180212 0.548826 0.851311 3.94016 3 
-0.54677 2.25488 0.359839 0.823609 0.414114 3.93309 3 
0.094886 0.789678 -0.152106 0.560699 -3.8822 -2.03407 2 
-0.771343 -2.36943 -0.135182 0.867024 -0.531751 3.95022 2 
1.57449 0.0164113 0.157783 -0.483955 2.54566 -2.22173 1 
0.271879 1.01463 -0.0822473 0.643713 0.941135 -3.38907 0 
0.789953 -0.813492 0.113619 0.46134 -0.615876 3.69328 3 
0.680809 0.291613 1.82929 2.53425 3.42495 5.25096 1 
-0.656838 -0.796657 -0.966586 -0.361893 -1.44145 -0.870587 0 
-0.982527 0.898369 1.45714 1.02731 0.827014 3.04784 1 
-0.688126 0.0272432 -1.21291 -0.299281 0.881777 -0.0389789 0 
1.11819 0.616186 0.542707 -1.13733 -1.0349 -1.18471 1 
-1.33406 2.4869 1.55635 0.344768 -1.23606 -0.362184 3 
0.277874 -1.55612 -1.04278 -0.299766 -0.407724 -1.56151 1 
0.235864 1.38559 0.279634 -0.581167 -2.45275 -1.80599 1 
-0.0664863 -1.17975 -0.58758 0.267031 1.56455 -2.43636 0 
0.28405 1.53208 0.555715 -0.539804 -0.320522 4.48494 2 
-0.354966 1.05451 0.626889 0.190045 1.7928 -5.29718 3 
1.55921 -0.848868 -0.949696 -0.519429 -2.22875 -1.67109 1 
-1.95913 0.667693 0.320976 0.612465 0.561231 -5.35569 2 
0.0855208 -0.749363 0.746059 -0.171659 -0.841109 3.05681 2 
-0.0863536 0.265004 0.730904 -0.43201 -1.7419 0.381714 1 
0.240187 1.10864 0.330947 -0.284308 -2.38 -0.308792 1 
-0.338691 1.54247 -7.19284 0.368593 2.12183 2.50406 0 
