-0.186788 0.216808 -0.811936 -1.00966 -0.0851852 0.375698 0 
-0.730657 -0.140201 -0.359766 0.35924 -0.346665 -1.58563 0 
-0.583227 -1.47972 0.424159 -0.092496 0.0812907 3.73319 2 
0.275286 -0.0874556 -1.13189 -0.127676 -2.66042 -1.73592 0 
-3.06541 -0.597525 1.91001 -11.6694 4.55672 0.544258 1 
0.73121 -0.134222 1.93511 2.1004 3.58518 6.36907 1 
0.294381 -2.06764 -0.962998 0.0992685 -2.07706 -0.782574 1 
1.1556 -0.387466 -1.20609 -0.667984 -0.979396 -2.10438 0 
0.472515 0.722292 -0.824582 -0.108766 -2.94684 -4.47181 0 
0.416299 0.583979 0.123528 -0.165873 -2.06023 1.12977 2 
0.632158 0.494477 -0.378319 -0.291219 -1.69038 -3.51053 0 
-0.885078 1.09037 0.195071 0.782621 -2.42752 -4.44171 2 
-0.165403 1.59127 -7.37516 -0.407144 2.16115 2.08225 0 
-0.546853 -0.0437453 -0.260357 0.111991 0.041062 -1.40199 0 
1.45394 -1.08511 -0.547252 -0.543255 -0.812223 1.20681 1 
1.15925 -0.947427 0.0558889 -0.171923 1.24183 3.81259 3 
-0.177273 0.865896 0.221023 0.551673 1.78685 -5.25574 0 
0.914871 0.042049 0.508573 -0.48685 -1.70102 0.293173 1 
0.440657 0.0796585 -0.0559865 0.406145 1.1294 4.18967 2 
0.898247 -0.655317 0.053342 -0.593408 1.00612 4.22897 3 
1.64958 0.10075 -0.0995852 -0.324328 1.21345 -1.35327 1 
0.213256 -0.797321 0.406292 -0.074894 2.27272 -5.09542 0 
0.81928 -1.58224 -0.948154 -0.613881 -1.92468 -1.16007 1 
1.48598 0.0317705 -0.411584 -0.147932 -0.786133 -2.75511 1 
1.74402 0.189265 -0.134898 -0.547471 -0.448735 3.85978 2 
-0.419267 1.68534 -7.44364 -0.385196 2.33462 1.81292 0 
0.181256 -0.473085 0.613471 0.0424338 2.32967 -4.82675 2 
-0.129989 1.71587 0.591871 0.00354158 0.00448107 4.58367 2 
0.779862 -0.395723 0.727045 0.102164 -0.430172 1.49935 1 
-1.32984 0.433623 1.03641 0.334761 2.11724 -3.22619 2 
0.186545 0.0563519 -0.528011 -0.68589 0.401017 -0.856826 0 
-0.29182 -0.696605 -1.13802 0.410155 -1.99741 -2.00974 2 
0.254056 0.248589 -0.162239 0.470628 -2.37694 -3.05042 3 
-1.29812 1.97096 1.12673 -0.257595 -1.32851 3.85108 3 
0.117048 1.76428 0.59644 0.124997 -2.88603 -1.24436 3 
-1.01392 -2.10974 -0.893333 -0.112947 -1.07829 0.173147 0 
0.978107 0.0674074 0.0331085 0.548478 2.95511 -2.19311 1 
-1.33524 0.699766 1.36063 -13.7322 2.04935 3.05529 0 
1.09731 0.474052 0.0589593 0.939636 0.969926 4.04398 2 
0.94157 -1.025 -0.30466 -1.14275 1.43295 -1.53632 1 
0.709687 -0.0553023 1.05435 -0.483395 0.440014 2.91456 3 
-1.22904 0.220021 0.416742 0.647435 2.43774 -5.30606 0 
0.315178 -0.257477 -0.940092 0.357058 1.56659 -0.144096 0 
0.831626 0.054232 0.426285 -0.224294 -1.29392 -1.14875 2 
-0.762744 -3.17324 -0.450392 0.268926 -1.01791 5.21973 2 
0.817703 0.0841166 -0.731002 -0.22618 1.59384 -0.331586 0 
0.821264 0.372796 -0.922578 0.373742 0.175859 -2.71777 0 
-0.515984 0.310817 0.618611 0.434032 3.09117 -2.55247 1 
-0.305289 0.207126 -1.0045 -0.591115 1.3742 -0.407396 0 
-0.366833 1.66551 -7.1325 0.0539606 2.17418 2.57596 0 
0.871833 0.293182 0.606592 0.775557 2.05707 -3.85585 2 
-0.481846 1.29318 0.604021 -0.360321 -0.990611 -1.83854 2 
1.74944 -0.00788733 0.164922 -0.721189 0.503137 4.53017 3 
0.45657 -0.666294 -0.776673 -0.13148 -2.95644 -1.13327 1 
-0.466574 1.39995 2.10838 1.85272 2.95274 5.99609 1 
0.337395 -1.0682 -1.26908 0.0609072 -3.02424 -3.10854 0 
0.869462 0.0323955 0.446238 0.00565614 -1.16942 1.16134 2 
0.00371552 0.170165 -0.868728 0.288436 1.63629 -0.763144 0 
2.09639 -0.230077 0.00258093 -0.361993 -0.722827 4.15561 3 
-0.312512 -0.334798 -0.145316 0.996222 1.4811 -3.99711 0 
1.19941 -0.50416 -0.656824 0.0984634 -1.85973 2.81457 3 
-1.84254 -0.0298062 0.294412 0.246502 1.23569 -4.19367 3 
-1.20753 -0.27264 0.00352578 0.896251 1.84757 -3.00225 0 
0.926147 -0.24469 -0.0633341 -0.864553 1.66638 -2.14257 1 
1.93465 0.121542 0.493339 -0.678027 -0.674179 1.10677 1 
-1.36827 -2.00405 0.0527207 0.62872 1.13997 -2.21964 3 
-0.799392 0.708236 0.224058 0.0875173 2.75089 -2.3595 1 
0.251606 0.28402 -0.145778 -0.57378 0.79225 4.94627 3 
0.849019 0.557878 -0.77334 -1.013 -0.582661 -1.56874 0 
1.29276 -0.433679 0.198138 -1.03369 -0.423258 2.27507 1 
1.00383 0.13472 -0.227298 0.907462 1.95794 3.64934 3 
-1.01694 0.57494 -0.666273 -0.368828 0.35122 5.55162 3 
-0.0958189 1.39054 0.805803 0.0879388 -1.66716 0.0370245 3 
-0.0191629 1.22387 0.594186 0.200756 2.75874 -5.24979 3 
-1.71985 0.272753 -0.261638 -0.129165 -0.337826 -1.15822 0 
1.08239 -0.574575 -0.293708 0.110377 -0.307278 3.03452 3 
1.07138 0.854676 1.05059 0.0168649 -0.190932 -0.687936 2 
0.992685 -0.0955864 0.799983 -0.448621 2.28172 -2.68366 2 
0.546397 -1.50851 0.341036 0.389145 0.46208 3.71347 1 
0.0399649 -0.415481 0.225501 0.740229 3.5876 -2.1055 1 
1.63118 -0.475053 -0.291649 -0.428847 1.10935 -1.34329 1 
0.824712 -0.0563204 0.793882 0.29068 0.905611 3.3597 1 
1.27541 0.0322465 -0.572536 0.65308 -1.17139 -3.8348 0 
-1.8338 1.45068 0.613478 0.616826 0.829909 -2.65557 3 
0.977747 0.0636425 0.0706325 -1.55915 -1.10966 -1.55548 1 
-0.0748961 -0.37643 1.85469 2.24568 3.34205 6.73751 1 
-0.311189 0.867662 -0.323037 0.172319 -0.274235 -1.55467 0 
0.565951 0.405533 -0.382955 0.685682 0.627591 -4.83881 0 
1.01058 0.297223 0.33582 -1.12724 -1.91505 0.0022288 1 
-0.272731 -0.508929 0.52233 0.270403 2.29609 -4.97835 3 
0.985729 0.135337 -0.0882046 -0.511149 0.155037 4.97029 2 
-0.613642 -0.105686 0.966728 0.714951 -0.757359 -0.901506 3 
0.00406528 -1.05623 0.153501 0.713645 -0.126329 3.3384 2 
-0.0822693 0.545037 -0.720455 -0.486683 0.919858 0.122311 0 
-0.302754 0.830203 0.701925 -0.318739 0.311943 3.98222 3 
0.317908 1.30134 0.887398 -0.319838 -1.72226 -1.79041 3 
-1.35775 -2.14065 -0.846466 0.37332 -2.02838 1.81611 3 
0.716752 0.93688 -0.0939302 -1.06323 -0.69499 -1.82004 0 
-0.17743 -2.04911 -0.57888 0.713346 0.100106 -1.42076 2 
1.71321 -0.543001 1.2041 0.860655 2.42773 5.46113 1 
-0.968791 0.395158 0.705044 0.473219 -1.17905 -1.37972 2 
-0.368111 0.275266 0.422968 0.37409 2.293 -2.09792 1 
-1.28816 -1.98787 -0.219015 -0.373284 -0.057067 5.22652 2 
0.504706 1.21145 0.407714 -0.553126 1.81066 -1.683 1 
0.102451 0.68453 0.0634379 0.297989 2.67587 -1.76716 1 
-0.53253 0.444795 0.338746 -0.114953 2.26441 -2.0496 1 
-0.563013 0.16816 -0.690064 -0.720807 0.786734 -0.189585 0 
-0.370237 0.777889 0.232754 0.312846 -2.88725 -1.98796 2 
-0.651475 -1.60214 -0.391121 1.81519 0.188054 4.49833 3 
-0.456575 -0.408017 -0.337209 0.285022 0.872678 4.24894 3 
0.570123 -0.906113 -1.70932 0.324209 -2.04446 -3.5876 0 
1.26258 0.347948 -0.814761 -0.398043 0.38163 -1.1289 0 
0.997524 0.298498 -0.402864 -0.191948 -0.605789 -0.213388 3 
0.731013 0.472018 0.205052 0.17425 3.22806 -2.58104 1 
0.377972 -0.498938 -0.156035 -0.552219 1.70832 -1.57566 1 
1.3408 -0.0828842 -0.263762 0.766688 1.8328 3.89825 3 
-0.146969 1.23013 0.277135 0.00871463 -3.58352 -0.204891 3 
1.0044 0.477151 -0.142976 -0.557296 -0.379595 -3.2397 0 
0.195047 0.77359 0.0756396 -0.618226 -0.882084 -1.62245 1 
0.35612 1.44191 1.42041 1.66258 0.91314 2.83018 1 
1.29333 0.0258234 0.430051 0.207932 0.104745 -3.49847 3 
-0.0159827 1.5991 1.34844 -0.0713404 0.0829983 -1.20793 3 
0.473722 -0.89925 0.028431 0.323381 1.75928 -1.73352 2 
1.29872 -0.430227 -0.21468 -0.588685 0.84384 5.00144 3 
1.47503 -0.127218 -0.207828 -0.320816 1.2837 -2.05349 1 
-1.13171 -1.99039 -1.64063 0.813917 -1.62578 -4.41789 0 
1.42681 0.0832655 -0.514502 -0.232785 0.997934 4.65258 3 
-0.480744 0.69454 -0.45754 0.097648 1.08095 -0.791387 0 
1.39758 -1.07215 -0.395373 -0.195562 -0.486024 1.98438 1 
0.40205 1.07865 0.287543 -0.0415153 2.2197 -1.84658 1 
-0.155456 0.3217 0.0787645 0.539319 1.14782 -3.15443 2 
0.548365 0.222887 -1.23046 -0.183682 -1.5681 -1.63249 0 
0.0976561 -2.09452 -0.285636 -0.0753571 0.289544 4.44454 2 
-0.00816853 -0.630842 -0.344369 -0.236969 -2.08413 -3.44309 0 
-1.46044 -0.473443 0.0311541 0.0452369 -0.549597 4.39911 2 
0.37995 -0.107764 0.455569 0.0222766 1.94631 -2.39615 2 
-0.155892 -0.00281397 0.724236 0.306865 2.53418 -5.64799 0 
-1.98872 -0.06749 0.702731 0.384088 1.91341 -6.14733 2 
0.463966 0.0184615 0.132653 0.475631 3.38702 -2.38685 1 
0.241963 1.49637 0.418575 0.556091 0.0454553 3.46025 2 
-0.19605 -0.315668 -0.761789 -0.879447 -0.902218 -2.10898 0 
0.218293 1.06316 -1.05714 0.112782 1.91088 -0.461429 0 
1.80403 -0.0526755 0.765055 -1.12258 -1.88553 -1.05008 1 
0.564024 0.588693 0.282984 0.127745 2.83839 -2.08582 1 
-0.162768 0.400267 -0.300981 0.941846 0.595297 4.51125 3 
0.191458 -0.11795 -0.212832 -0.0384092 1.93784 -1.3912 1 
-0.289185 0.92221 0.4442 0.0494664 -3.00042 -2.00373 3 
-0.522015 -0.695516 -0.592247 0.707356 -1.27659 -0.445315 3 
-0.0110254 -0.681372 0.106352 0.0317935 2.95832 -2.56859 1 
0.654123 0.760265 0.247899 -0.811102 -0.122656 4.66559 2 
0.752843 0.682444 -1.13361 0.510973 2.26803 -1.16891 0 
-0.463294 0.504747 0.0674758 0.931921 1.50206 -2.74078 0 
0.439117 0.987824 0.685469 -1.07299 -2.79539 -1.5875 1 
0.228906 1.825 0.906224 0.385539 -1.55062 -0.925467 2 
0.282855 0.0748567 0.458101 -0.143609 0.439616 4.60712 3 
-0.430989 1.04287 0.336852 0.258801 0.122359 -5.35978 2 
-0.948502 -0.79001 -0.207145 0.667377 1.6296 -3.34738 0 
0.954408 -0.969406 -0.225509 -0.52353 0.695566 5.46505 3 
-0.509597 0.809691 -0.678491 -0.0527104 1.25967 -1.11514 0 
0.169047 -1.21553 -1.03386 -0.170924 -1.92167 -1.54188 1 
0.503209 0.3824 -0.648081 -1.04803 0.890951 -0.309712 0 
-2.57878 -0.627577 0.530242 1.26047 -0.95445 4.28884 2 
-0.336325 0.0948896 0.41386 0.75705 -2.10556 -2.21221 2 
-1.20268 -0.823698 -0.903304 0.996402 -1.98434 -1.36683 3 
0.52921 -0.872269 0.606447 -0.0749561 0.0782275 2.75173 2 
1.1219 -0.644049 -0.675173 -0.261205 1.15996 4.95913 3 
-0.115263 0.532065 0.656559 0.562903 2.06661 -4.6449 2 
0.253157 1.70353 1.23437 -0.273737 -1.31464 -0.221575 2 
-0.270423 -0.989837 -1.25651 0.716622 -0.982841 -3.90499 0 
-0.217823 0.837384 -0.656226 0.342199 -2.8818 -4.00622 0 
-0.273701 -1.31776 -1.02323 0.569096 -2.32806 2.38662 2 
-0.0421179 0.911445 0.047912 0.350557 2.24919 -2.07893 1 
0.369493 -0.25839 0.466353 0.59851 3.11122 -2.53034 1 
-0.387852 -1.34411 -1.20454 0.296182 -2.24302 0.635142 2 
0.332138 -0.612728 -1.47813 0.174148 -2.5836 -3.9708 0 
0.707788 0.667421 0.262711 0.36223 1.9256 -4.93329 0 
1.06516 -0.738455 0.0300921 -0.740247 2.39119 -1.99376 1 
2.07818 -0.108006 -0.368245 -0.330107 -1.17106 1.06546 2 
-0.215141 1.9232 -1.43909 0.0933355 -2.22058 -0.988412 0 
-0.486965 1.52686 -7.37876 -0.222049 2.11797 2.17683 0 
0.237176 1.29668 1.85174 1.78687 3.04405 6.30185 1 
1.25473 -1.0854 -0.671746 -1.19899 -1.09781 -1.41921 1 
0.630472 -1.13851 -0.499234 0.304525 1.45749 -1.85149 1 
0.717967 -0.119344 0.0414505 0.397907 1.77507 -3.33095 3 
-1.72327 0.642568 0.13094 -0.0353282 -1.05385 5.00891 2 
1.1954 0.146696 0.257501 -0.952168 -2.69316 -1.77037 1 
1.89878 0.193083 0.223737 0.129833 -1.1867 1.10493 3 
0.224331 0.245175 0.0580124 -0.493808 1.09558 -1.85575 1 
0.098027 1.04874 0.711058 -0.409925 -3.17765 -1.80623 1 
-0.217 0.595504 -0.611396 0.207237 -2.50794 1.39843 2 
0.835702 -1.69309 0.203901 -0.151595 0.217389 4.41187 2 
0.497861 -0.122042 0.816925 0.0326035 0.221702 -1.21645 2 
0.425034 0.199074 0.416546 0.377619 3.21508 -2.32494 1 
0.622622 -0.747626 -0.562231 -0.357077 -1.93113 -3.58539 0 
-2.6586 0.520202 0.270358 0.407598 -0.827593 4.82809 2 
-0.493473 -1.13949 -0.532213 0.572576 -0.812582 -1.08548 2 
-0.0438206 -0.863543 -0.882182 -0.534267 -1.10691 -0.457561 0 
0.66612 0.633043 -0.908805 0.163011 1.91498 -0.70379 0 
-0.485758 -0.138553 -0.104269 -0.387847 -0.0277267 4.2343 3 
0.273761 1.31758 0.36237 -0.223238 -0.492219 4.66485 2 
0.949774 -0.677488 -0.15294 0.0904835 0.172103 4.78287 2 
1.39628 -0.0891083 -0.138637 0.165753 0.376438 3.61051 3 
0.25912 -0.431167 -1.05312 0.66719 -2.48922 -0.103257 3 
0.497214 0.0162452 -0.216175 -0.0754639 0.416332 -4.03534 3 
0.30853 -0.15437 0.185531 0.410279 3.09748 -2.54266 1 
0.451388 -0.75175 -0.012829 -0.105147 -0.296038 -3.2736 0 
-1.4849 -0.829329 0.147688 1.18174 0.0685031 4.48585 2 
-0.296151 -1.72916 -0.37224 0.066055 0.793918 4.26632 2 
0.956449 -0.532528 0.22071 0.217625 0.198759 2.85033 1 
-0.124445 1.47071 -0.430305 0.448475 -2.13794 -4.78812 0 
-1.39713 1.29558 -0.0815535 1.37038 0.77309 4.63895 3 
-1.2813 0.443031 0.575615 0.317294 0.278467 -3.43608 3 
1.04311 0.652741 0.642978 -0.00884081 -0.38288 -2.60719 3 
-0.625168 -1.12417 -0.216978 -0.376806 0.515281 5.31275 3 
-0.461321 1.73712 -7.57119 0.619027 2.72096 1.12092 0 
-0.357499 1.42581 0.556828 0.401454 0.306155 -4.39963 3 
1.00606 0.726785 0.157534 -0.491804 1.91599 -2.03817 1 
-0.337157 -1.52466 -1.20642 0.922329 -1.04261 -1.64033 2 
-0.971253 -1.0252 0.0459292 0.432059 2.98864 -3.98553 0 
1.66714 0.108598 -0.133559 -0.194902 0.494351 1.21356 3 
0.724458 0.96526 1.33308 0.00603295 -0.197267 -0.423465 3 
0.332287 -0.962243 -1.52113 0.567978 -0.611039 -3.33938 0 
1.63755 0.441698 0.83011 0.954337 -0.332381 0.460832 1 
0.100888 -1.0632 -1.02722 0.494524 -2.1028 -3.08388 2 
-0.200948 -1.4927 -0.803518 -0.585801 -1.97687 0.554189 1 
0.82533 -0.109111 -1.18276 -0.507335 -2.93943 -2.26033 0 
-0.788052 -0.110595 0.652724 -0.602037 -0.345237 4.7313 3 
-1.42524 1.04517 0.967131 0.220564 -2.65583 -1.25011 2 
-0.0527727 2.2952 0.857031 0.205214 -1.2482 -0.359167 3 
0.230819 1.1172 0.401284 -0.854903 -0.201401 4.52798 2 
0.16046 1.87831 -0.85155 0.0308054 -2.22951 -3.10112 0 
0.185229 -0.534166 -1.43936 0.375165 -1.99994 -4.1797 0 
-0.408655 1.79135 -0.135373 0.644069 -0.917936 -3.68237 3 
0.0260788 0.862315 0.633702 0.776635 3.16747 -2.73531 1 
-1.42433 -0.261425 -0.27712 0.906024 0.498173 4.20808 3 
0.467738 0.828922 -1.06123 0.00568229 1.82454 -0.19577 0 
0.128474 0.118892 0.711803 0.0506119 2.50565 -6.35669 3 
0.952498 0.822472 0.710109 -0.817697 -2.15703 -1.35355 1 
-1.1712 2.1522 1.15474 0.67096 1.75159 -5.92781 2 
-1.27734 0.795807 -0.129194 0.926445 -3.956 -3.35041 3 
-1.00479 -0.076664 -0.832468 0.486137 -2.44989 -2.13734 3 
-1.04833 0.145038 0.460178 0.334532 2.35757 -5.01819 0 
0.0336739 0.266054 -0.541341 0.366196 0.694771 -2.99715 0 
1.58164 0.365965 -0.108597 0.809719 1.91315 3.55002 3 
0.837444 -1.0259 -0.127457 -0.800691 0.337876 5.27989 2 
1.3282 -0.421346 -0.88007 -0.208758 1.32913 -0.760384 0 
-1.22892 1.82012 1.25554 0.727235 -1.87605 0.513855 2 
-3.87976 -0.197877 0.185852 0.407578 -1.08944 4.93202 2 
-1.51092 2.18266 0.857725 0.801528 -0.75737 -3.30517 2 
-1.3775 -0.294716 0.128744 0.412082 0.12548 3.89566 2 
0.608801 -0.622424 -0.590576 -0.489573 0.100974 -2.04725 1 
1.03137 -0.465119 -0.279169 -0.854323 0.174307 -1.746 1 
0.2637 -0.738454 -0.639485 -0.652811 -0.836758 2.07588 1 
-0.428355 -2.07558 -1.53392 0.453207 -1.60187 -2.63082 0 
0.321083 -1.19064 -0.416915 0.735526 0.559234 -3.36199 2 
0.852217 0.79378 0.23902 0.868142 -0.681636 3.1089 3 
0.111631 -1.32423 -0.00199298 -0.272287 2.59735 -1.9069 1 
0.82647 1.20264 0.236817 -0.0120627 -1.50775 3.23046 3 
-0.544183 -0.782701 0.565056 0.0290195 2.56365 -4.371 3 
0.117747 -0.26059 -0.353081 0.290355 1.57853 -2.99562 0 
-0.0707244 -1.29671 -1.37181 0.867902 -2.81444 -1.8635 2 
-0.07074 0.559044 0.0509939 0.408713 3.03696 -2.07924 1 
1.79186 0.198394 -0.525877 -1.04426 -0.979049 1.29688 1 
-0.0847834 -1.78925 -0.309517 -0.257025 -0.256386 4.98483 3 
1.72876 -0.642873 -0.261758 -0.0258723 0.276665 2.74286 3 
0.289389 0.171434 0.226927 -1.47675 0.790165 -1.18037 1 
-0.234712 1.67889 -6.57334 -0.419087 1.68786 4.24426 0 
1.14769 -0.710887 0.31048 -0.337399 -1.51079 0.32452 1 
-0.46433 1.53235 -7.28471 -0.223598 2.08012 2.49562 0 
0.504524 -1.20995 -0.23107 0.116197 0.567782 -1.68942 3 
0.886356 0.70606 0.343162 -0.502638 -2.70028 -1.30355 1 
-1.31666 1.08204 0.864629 0.774632 0.870906 -2.785 2 
0.805747 1.00469 0.236099 0.641165 0.591045 4.01404 2 
-0.611679 0.679499 0.763873 0.0286456 -0.452943 -2.13778 2 
0.0961285 0.547583 0.147704 -0.219749 0.350255 3.93041 2 
-0.329766 1.39206 0.536277 0.311637 1.53182 -2.83282 2 
-0.224421 1.72799 0.178099 0.138352 -4.08249 -1.13677 3 
1.22688 -0.267797 0.0556589 -0.246946 -2.45343 0.382912 3 
-1.23606 -0.929003 -1.23045 0.595067 -3.15171 1.20354 2 
0.310535 -0.73108 0.704843 0.441806 2.77255 -5.73805 0 
0.288466 1.57661 0.15842 -0.417751 0.395265 -1.7329 1 
-1.42625 -0.236537 -0.688581 -0.00661089 1.12861 -0.493559 0
