0.27616 -0.038951 -0.039289 0
0.28333 -0.076183 -0.073812 0
-0.33433 -0.073468 -0.12705 2
0.2961 -0.044202 0.13 0
0.3291 0.62563 -0.021636 1
-1.2716 0.6244 0.27832 1
0.14712 0.16576 -0.20896 1
0.30074 -0.035279 -0.032799 0
0.2924 -0.022768 0.034399 0
-0.091732 -0.244 0.097063 2
0.28963 -0.031288 -0.032756 0
0.26995 -0.20149 -0.10785 2
0.19753 0.11249 -0.094051 1
0.25977 -0.059885 0.0054664 0
-0.066908 0.22888 -0.12256 1
-0.32609 0.02963 0.036399 3
0.26292 -0.052823 0.073572 0
-0.12278 0.32228 -0.18582 1
-0.42204 0.1142 0.15122 2
-0.41741 -0.00061916 0.23762 3
0.23018 0.1173 0.081299 1
0.30401 -0.029882 0.084579 0
0.19505 0.18047 -0.2809 1
0.26444 0.056905 -0.019217 1
-0.3399 -0.16905 0.040193 2
0.28859 -0.031504 0.069805 0
0.29957 -0.013598 -0.091124 2
-0.46243 -0.032844 0.017244 2
-0.31916 0.42466 0.036112 1
0.22073 0.045494 -0.14708 2
0.26477 -0.058102 -0.049235 0
0.26943 -0.077791 0.040325 2
0.22008 0.0077618 -0.18916 3
-0.3747 -0.22474 -0.17126 3
0.096764 -0.10536 -0.082276 3
0.2687 -0.10394 -0.18906 0
0.25101 0.17448 0.056237 1
0.27137 -0.035314 -0.035785 0
-0.46568 0.059161 0.064289 2
0.26182 0.13171 -0.020295 1
-0.36515 -0.082706 0.0069398 3
0.27987 -0.043283 0.16295 0
0.27872 -0.15394 0.096321 0
0.071916 -0.1183 -0.2865 2
-0.4239 -0.23768 -0.20212 2
0.2569 -0.094257 -0.11342 0
0.28023 -0.027818 0.10821 0
0.25484 0.17736 -0.11152 1
0.30604 0.085058 0.027962 0
0.079253 -0.11553 -0.12461 2
0.24308 0.073436 -0.023542 2
0.17171 -0.042302 -0.11952 2
-0.45165 -0.091375 -0.02107 3
0.17954 0.13472 -0.38115 1
-1.2552 0.44648 0.57814 1
0.29065 -0.087414 -0.091234 0
-0.084633 -0.22229 -0.10316 2
0.30998 -0.11917 0.12838 0
-0.40664 -0.2425 -0.0044488 3
0.29542 -0.16516 0.11153 0
-0.25948 -0.13035 0.13289 3
0.26348 -0.057759 0.1865 3
0.30263 -0.038462 0.020241 0
0.2453 0.07708 0.037755 1
-0.19438 0.24048 -0.10912 1
0.23407 -0.12939 -0.016325 3
0.26578 0.15572 0.062708 1
-0.65543 0.14023 0.46536 3
0.29149 0.010452 0.071354 0
-0.3019 0.3551 -0.093808 1
-0.42996 0.2872 0.35176 3
-0.56393 -0.097782 0.68031 3
-0.02868 -0.15791 -0.21094 3
0.30102 -0.16358 0.064869 3
0.30198 -0.043597 -0.0025708 0
-0.21715 -0.12178 0.1309 3
0.027858 -0.01275 -0.262 2
0.2484 0.14169 -0.30742 2
-0.55801 0.42918 0.063153 1
0.25869 0.19059 -0.15457 1
0.21004 0.15766 -0.05627 1
-0.58246 0.47702 0.10315 1
0.27752 0.052374 -0.028154 0
0.31421 -0.30149 0.11193 3
0.19248 0.16942 -0.07642 1
-1.4065 0.62423 0.48505 1
0.29328 -0.069454 -0.094896 0
0.29426 -0.025506 0.13341 0
-0.00013346 0.12314 -0.093062 1
0.29709 -0.13794 0.11303 3
-0.50587 -0.11106 0.16195 2
0.050854 -0.033646 -0.32494 3
-0.24756 -0.054018 -0.25671 2
0.26701 -0.10959 0.019642 0
-0.41265 0.0070174 -0.067007 3
0.14967 -0.12496 -0.34125 3
-0.083801 -0.048159 0.043918 3
0.29426 -0.026979 -0.12755 0
0.21684 -0.033711 -0.1582 2
-1.0805 0.63441 0.2507 1
0.15614 -0.13798 -0.28673 2
0.22719 0.16769 -0.070666 1
-0.52493 -0.12961 0.27114 2
0.21033 0.19714 0.019479 1
0.24477 0.13477 0.049454 1
0.26613 0.17387 -0.015983 1
0.29555 -0.17828 0.037131 0
0.15048 -0.15433 -0.16631 2
-0.5673 0.081341 0.30915 3
-0.41784 0.14377 0.25581 3
0.27618 -0.063709 0.038886 0
0.28239 0.015609 0.11452 0
0.11823 -0.050833 -0.050087 3
0.25727 0.20748 -0.079047 1
0.24639 0.15746 0.021657 1
-0.44001 0.26251 0.32126 3
0.015124 -0.219 -0.032361 3
0.28101 0.0075703 0.046743 0
0.21516 0.12351 -0.15658 1
-0.56925 0.52678 0.0013397 1
0.25353 -0.1101 -0.11772 3
0.15487 -0.11766 -0.21086 3
0.20374 -0.0019391 0.033149 2
-0.4948 0.0098731 0.31891 3
0.23136 0.10995 -0.036206 1
0.25819 -0.11854 0.18072 0
-0.55173 -0.044197 0.39574 3
0.25393 -0.051313 -0.007037 0
-0.19675 0.35611 -0.030129 1
0.21037 0.22807 0.052782 1
0.2739 -0.055457 -0.03806 2
0.28954 -0.030559 0.090381 0
-0.50842 -0.022783 0.19227 2
0.29089 -0.0042041 -0.12986 0
-0.34044 -0.12803 0.073709 2
0.1975 0.10856 -0.19228 2
0.25647 0.045101 -0.07464 0
0.209 -0.068158 -0.035862 2
0.24449 0.16361 0.06753 1
-0.34982 -0.082947 0.19305 2
0.31642 0.01479 -0.20067 0
0.29262 0.0050152 0.084117 0
0.041246 0.18615 -0.33 1
0.25362 0.10851 -0.069935 1
-0.60475 0.11889 0.45076 3
0.22583 0.22582 0.084574 1
0.15938 -0.086075 -0.18033 3
0.13159 -0.064703 -0.24522 3
0.26018 0.10011 -0.10916 1
-0.47044 -0.19385 0.28741 2
0.27498 0.077822 0.20554 0
0.28545 -0.015534 0.025442 0
0.12196 0.21187 -0.25251 1
0.051933 -0.14326 -0.16521 2
-0.47637 0.016997 -0.07464 3
0.25656 -0.1497 -0.052004 2
0.28892 -0.095989 -0.081413 0
-0.58363 -0.090726 0.17569 3
0.29208 -0.058545 0.014783 0
0.20721 0.11296 -0.17981 1
0.29647 -0.082984 0.0691 0
-0.4041 -0.094567 -0.072549 2
0.16219 -0.086937 -0.15139 2
0.17467 -0.078024 -0.12617 3
-0.26602 -0.099353 -0.060257 2
-0.60098 -0.013312 0.62466 3
0.27048 0.03568 -0.045024 2
-0.0096028 -0.16286 -0.29641 2
0.27273 -0.16349 0.056081 0
0.30025 -0.10007 0.064566 0
-0.085631 -0.20768 0.075098 2
0.23338 0.12995 0.15911 1
0.26665 0.15787 -0.13218 1
0.085181 -0.27208 -0.10729 2
0.28607 -0.084194 0.095443 0
0.29616 -0.042187 0.11942 0
0.28044 0.28609 -0.0039207 1
-0.00015151 -0.13681 -0.2676 2
0.29892 -0.034284 0.21434 0
0.28536 -0.07408 -0.002225 0
-1.2272 0.48572 0.53018 1
0.22838 0.15228 -0.10314 1
0.25679 0.10294 0.097293 1
0.30994 -0.17548 -0.081852 3
-0.41881 -0.24015 0.11629 2
0.17499 0.012998 -0.26538 1
-0.12085 -0.05519 -0.0090341 3
0.21398 0.178 0.13669 1
0.098125 0.26379 -0.30016 1
0.02293 -0.36823 -0.17985 2
-0.39364 -0.13923 -0.19082 2
0.14509 -0.11756 -0.21329 2
0.25902 0.14336 -0.088736 1
0.29803 -0.066574 -0.11949 0
-0.47396 -0.21953 0.23533 2
0.16134 -0.0033767 -0.32001 2
0.27433 -0.066947 -0.059822 0
0.2864 -0.075049 0.13705 0
-0.31543 -0.041212 0.19736 3
-0.43665 -0.23022 0.058682 2
-0.49838 -0.11763 0.055585 2
-0.28308 -0.082988 -0.095935 3
0.10401 -0.10671 0.086257 3
0.3121 -0.12373 0.044183 3
0.24777 0.21117 0.013996 1
0.27719 -0.002595 -0.085563 0
-0.50556 0.01393 0.10678 2
-0.3892 0.064962 0.1383 2
-0.43427 0.4075 0.11881 1
0.27811 -0.10924 0.051289 0
-0.56434 0.20989 0.45768 3
0.30098 -0.25396 0.11975 3
0.2738 -0.15132 -0.20872 3
-0.60959 0.073575 0.34436 3
0.2529 0.064032 0.0052605 1
0.30266 -0.21643 0.014245 3
0.24783 0.17425 0.03172 1
0.25266 -0.18845 -0.088797 2
0.31709 -0.13799 0.045507 0
-0.085919 -0.029882 -0.006475 3
-0.025264 -0.074578 -0.22869 3
0.28771 -0.055213 0.14528 0
-0.21027 0.40906 -0.097152 1
0.26174 -0.15689 -0.24498 2
0.03111 0.17916 -0.10105 1
0.29076 0.0042568 0.069046 0
-0.60509 -0.065882 0.20557 3
0.11497 -0.18569 -0.32348 2
-0.012469 -0.19901 -0.15796 3
-0.49876 -0.15702 0.30512 2
0.28291 -0.057665 0.11183 0
0.27616 0.026951 0.12753 0
0.31458 -0.29767 0.13846 3
0.2535 0.077322 -0.15957 1
-0.33951 0.061382 0.28145 3
0.28724 -0.063078 0.15881 0
0.25207 -0.0086421 0.10157 3
0.11123 0.053278 -0.29663 1
0.26621 -0.082186 -0.095999 2
0.22569 -0.076048 -0.18616 3
0.25879 -0.16312 -0.020098 3
0.2694 0.059942 0.0066329 0
0.28908 -0.084635 -0.023688 0
-0.4423 0.12387 0.33119 3
-0.52571 -0.11419 0.24379 2
0.30699 0.013605 -0.045446 0
-0.013942 -0.2131 -0.28646 2
-0.46609 -0.21195 0.19284 2
0.24736 -0.044086 -0.11341 2
-0.36325 0.033347 0.21114 2
0.25608 0.084235 0.10426 1
0.25565 0.10513 -0.055216 1
-0.16322 0.31395 0.14631 1
0.27935 -0.061142 -0.026193 0
0.26836 -0.065641 -0.13672 2
-0.36057 -0.044859 0.12448 3
0.27709 0.28798 -0.084996 1
-0.33064 -0.23081 0.22227 3
0.31413 -0.082884 -0.048738 3
0.28963 -0.065779 -0.12875 0
0.24797 -0.13011 -0.29268 2
0.27498 0.088657 -0.041982 1
-0.095367 0.36047 0.031917 1
-0.56112 -0.08637 0.32814 3
-0.21158 -0.082425 -0.12401 3
0.201 0.18415 -0.016097 1
-0.14827 -0.24268 0.068062 2
-0.10608 0.23967 -0.084399 1
0.27978 0.0045967 -0.059031 0
0.20929 -0.071847 0.12602 3
0.10331 0.11242 -0.14714 1
0.23932 -0.037887 -0.091581 2
-0.38015 -0.0033903 0.032762 2
0.22541 -0.096933 -0.27826 2
-0.33315 -0.083069 0.23412 2
0.25247 0.025491 -0.16906 2
0.11439 -0.12925 -0.21174 3
-0.035651 -0.22567 -0.02157 3
0.043401 -0.24234 -0.002887 2
0.25701 -0.018756 -0.10271 0
0.22657 0.11677 0.045586 1
0.27235 -0.13306 0.062569 0
0.068532 0.13809 -0.37091 1
0.22085 -0.12341 -0.16456 2
0.28842 -0.084668 -0.041142 0
0.25957 -0.12616 0.096171 0
-0.19388 -0.1006 -0.10154 2
0.23321 -0.044733 -0.061916 2
0.26056 0.15241 0.10198 1
0.31624 -0.053995 0.16276 0
-0.10564 -0.19953 -0.12649 3
-0.17546 -0.3439 -0.022198 2
0.28779 0.027886 0.09205 0
-0.48741 -0.026506 0.19202 3
-0.36065 0.029608 0.083001 2
0.2485 0.19379 -0.039374 1
0.039939 -0.15815 -0.29074 2
0.21169 0.043956 -0.10958 1
-0.22482 -0.12827 -0.13464 3
0.25671 -0.183 -0.28457 2
0.24025 0.15504 -0.03985 1
-0.28305 -0.24664 0.29123 3
-0.15933 -0.057148 -0.16158 3
0.24677 0.13613 0.012982 1
0.29204 -0.016956 -0.087867 0
-0.026223 0.29551 -0.25317 1
-0.17153 -0.053023 -0.24551 2
-0.95176 0.68831 0.26959 1
-0.39932 -0.14326 -0.00077001 2
0.29151 -0.048716 -0.041654 0
-0.24752 -0.14857 -0.31033 2
0.28487 -0.015806 -0.0344 0
-0.16624 -0.11834 -0.028217 3
-0.46744 -0.051038 0.091643 2
0.24617 -0.088929 0.0019577 0
0.26473 0.2004 -6.6959e-05 1
-0.49843 0.019884 0.19936 2
0.26082 -0.0022305 0.086371 0
-0.47996 -0.078683 -0.075076 2
0.13749 -0.10153 -0.26913 2
0.25536 0.18797 -0.013249 1
0.3031 -0.002511 -0.044314 0
-0.31566 0.13628 0.25906 3
-0.27692 0.24812 0.013728 1
0.24596 -0.0048211 -0.0070755 1
0.323 -0.16769 0.022642 0
0.29039 -0.2144 0.080131 3
-0.33531 -0.25385 0.016087 2
-0.43233 0.078134 0.33663 3
0.18837 0.12591 -0.17233 1
0.29072 0.066812 -0.087578 0
0.253 0.06178 0.019363 3
0.086089 -0.10093 -0.14502 3
-0.095159 0.29452 -0.12976 1
-0.24772 -0.17301 -0.0015461 3
0.24277 0.16687 0.018341 1
0.17653 -0.092647 0.11169 2
-0.33931 0.040056 -0.092439 2
0.2348 0.12871 0.056229 1
0.24798 0.092553 -0.055348 2
-0.43116 0.075904 0.33378 3
0.25098 0.023862 -0.059667 3
-0.00046313 0.27912 -0.30361 1
0.30279 -0.0085792 0.051539 0
0.26206 0.2158 -0.04311 1
0.24668 0.19494 0.055689 1
0.26717 -0.013104 0.10778 0
-0.4682 -0.12062 0.25762 2
-0.15946 -0.13529 -0.098883 3
-0.074666 -0.20666 -0.23187 2
0.28786 -0.062287 -0.095647 2
-0.54464 0.028226 0.25308 3
0.27348 -0.10034 -0.017523 0
-0.26153 -0.12444 0.078656 3
-0.53406 -0.0083356 0.23085 3
0.20759 -0.12025 -0.23333 3
-0.023204 -0.18522 0.18398 3
-0.49872 -0.012568 0.5361 3
0.27436 0.0032989 0.037085 0
0.28544 -0.093362 0.070983 0
0.18884 0.081748 -0.208 1
0.076877 0.25567 -0.034625 1
-0.40574 -0.13395 -0.19503 2
0.16496 -0.065424 -0.077379 2
0.2434 0.1418 -0.095551 2
-1.4459 0.54479 0.43835 1
0.27049 0.03294 0.064846 0
0.16231 -0.15964 -0.11998 2
0.27953 -0.094791 -0.079094 0
0.28333 -0.0060176 0.0044518 0
0.26806 -0.094288 -0.21461 3
0.091003 -0.20388 -0.22496 2
0.26474 -0.042477 0.0459 0
-0.51681 -0.24557 0.26032 2
0.25639 -0.12807 -0.2278 2
0.27845 -0.082099 0.079752 0
-0.46347 -0.066161 0.16006 2
0.28125 -0.10812 -0.061411 2
0.26965 -0.1282 0.030801 2
-0.4987 -0.054917 0.28395 3
0.30239 -0.017551 0.069571 3
-1.241 0.45197 0.057523 1
0.21618 0.2092 0.057091 1
-0.54953 -0.078244 0.19019 3
0.26915 -0.27316 -0.062396 3
0.2846 -0.12606 -0.10318 0
-0.12275 -0.13687 -0.21286 2
0.2771 -0.093314 0.080132 0
0.29078 -0.010099 -0.08264 0
-0.62906 -0.04564 0.65984 3
0.25918 0.12997 -0.1159 1
0.2797 -0.052564 0.04428 0
0.26891 -0.03461 0.26992 0
0.21309 0.13552 0.022937 1
-0.028965 -0.03754 -0.23597 2
0.10735 -0.09313 -0.33461 3
-1.3175 0.6642 0.34726 1
0.22498 0.066917 -0.10497 1
0.036122 0.27079 -0.21386 1
0.29999 -0.061565 0.020965 0
-0.3008 -0.25861 0.16486 2
0.18528 -0.13025 -0.10443 3
-0.39524 0.17901 0.23281 3
0.29382 -0.041433 0.10962 0
-0.25662 -0.22215 0.18175 3
0.16997 0.16949 -0.099178 1
0.32512 -0.17063 0.061301 3
0.26094 -0.16486 -0.27022 2
0.25038 0.13624 0.015786 1
0.034454 -0.12702 -0.1066 2
0.10457 -0.20678 -0.039293 2
0.28289 -0.16084 0.10547 3
0.25209 0.23248 0.050283 1
0.2767 -0.18662 -0.1485 3
0.29121 -0.017285 0.10085 0
-0.44348 -0.06807 0.4704 3
0.25448 0.017537 -0.012081 1
0.16497 0.18789 -0.30498 1
0.23274 0.21062 -0.066747 1
0.27142 -0.12883 -0.29571 2
0.29073 -0.04169 -0.16809 0
-0.42951 0.099129 0.10579 3
0.20977 -0.099808 -0.20817 2
0.263 0.20563 -0.014905 1
-0.10244 -0.098347 -0.018496 3
0.29722 -0.21867 -0.1572 3
-0.52456 0.033908 0.072219 3
0.045253 -0.16045 -0.13161 3
-0.33166 -0.27917 -0.022682 2
0.28062 0.059597 -0.023926 0
-0.46103 -0.22017 0.17391 2
-0.47661 0.34086 0.031899 1
0.22709 -0.10852 -0.10006 2
0.25633 0.11723 -0.065533 1
-0.32342 0.053004 -0.11301 2
0.28405 -0.12002 0.081044 0
0.28497 -0.078967 0.041083 0
0.25466 -0.043829 -0.12858 3
-0.052348 -0.13948 -0.0073051 3
-0.22785 -0.40671 0.15239 2
-0.22269 -0.10487 -0.11725 2
0.25245 0.075541 -0.0067848 0
0.28814 -0.11396 0.082351 0
-0.13321 -0.15917 0.014903 3
-1.0286 0.38537 0.15026 1
0.2848 0.0767 0.056319 0
-0.092761 -0.21318 0.061837 2
-0.44885 0.08142 0.43368 3
-0.44418 0.46439 0.15166 1
0.2996 -0.056437 -0.21477 0
0.19113 0.20699 -0.12853 1
0.1067 -0.096244 -0.24011 3
0.11449 -0.16364 -0.17623 3
0.21943 0.11962 -0.20282 1
-0.28791 -0.3115 -0.019184 2
0.25935 0.16395 0.034513 1
0.27535 0.033869 -0.061861 0
0.27477 0.076911 0.10523 0
-0.52711 0.050578 0.14452 3
-0.042181 -0.1939 0.01837 2
0.27996 -0.11576 -0.053011 0
-0.31106 -0.17806 0.090263 3
0.073517 -0.063797 -0.060078 3
0.21903 0.14434 -0.12487 3
-0.19472 0.3604 -0.059788 1
0.26508 0.1486 0.0022609 1
0.25347 0.14526 0.1225 1
-0.43831 0.26025 0.34776 3
-0.49538 -0.054588 0.10145 2
0.29314 -0.039583 -0.027553 0
0.24816 0.074238 0.010138 1
-0.50258 -0.014136 0.026498 3
0.26677 0.0064379 -0.082926 2
0.20426 0.13872 -0.0055413 1
-0.30488 -0.19032 -0.18359 3
0.27074 0.16432 -0.0082395 1
0.33629 0.72194 0.038913 1
0.2541 -0.1305 -0.027061 0
0.29368 -0.028419 -0.0054842 0
0.299 -0.017307 0.083108 0
-0.34526 0.4208 -0.036372 1
-0.48676 0.013193 0.062176 2
-0.21388 -0.26524 0.093639 3
0.25216 -0.20518 0.029663 3
0.25183 0.11187 0.10889 1
-0.1985 0.30129 0.098907 1
0.27059 -0.05642 -0.02032 0
0.27757 -0.11765 -0.0044439 0
0.25225 -0.1103 0.15176 3
0.27474 -0.22054 -0.060897 3
0.30384 -0.14415 -0.0029618 0
0.25402 -0.073923 -0.028536 0
-0.34128 -0.038426 -0.1877 3
-0.48705 -0.17442 0.087919 2
0.26262 0.068511 -0.042359 1
-0.043485 0.31519 0.044825 1
0.24013 0.10473 -0.1653 2
0.26773 -0.027019 0.090157 0
0.27206 -0.052304 -0.0053362 0
0.27053 -0.1789 0.0042087 2
0.27954 -0.0058562 -0.0074261 0
0.28792 0.07101 -0.021012 0
0.2359 0.15867 0.0061584 1
0.22763 0.013113 0.019434 1
0.24559 -0.050952 0.067019 0
-0.36661 0.2565 -0.078564 1
-0.20104 -0.091727 -0.23469 2
0.19995 -0.1634 -0.18855 2
-0.060207 -0.2831 -0.28511 2
0.2904 -0.08864 -0.045508 0
-0.39969 0.24024 0.38748 3
0.27385 -0.049755 0.11815 0
0.28387 0.017113 0.12054 0
0.30496 -0.059833 0.021232 0
0.28066 -0.08428 -0.082268 2
0.27486 -0.0011274 0.043849 0
0.12231 -0.18516 -0.031707 2
0.25396 0.12539 -0.0079242 1
-0.39186 -0.18166 0.15405 3
0.24988 0.19703 0.03898 1
0.060569 -0.093879 -0.15429 3
-0.58996 -0.098454 0.40604 3
0.24652 -0.049445 0.01577 0
0.23919 -0.031511 -0.11443 1
0.13258 -0.071727 0.016464 2
0.2794 -0.048822 -0.17394 0
-0.11662 -0.3086 -0.11448 2
-0.23417 0.2929 0.099883 1
0.17407 -0.067719 -0.32306 3
-0.37092 -0.2107 0.013671 2
0.28957 -0.058264 -0.053734 0
-1.2489 0.50047 0.37162 1
0.21297 -0.096165 -0.14272 3
0.28132 0.0033975 0.1016 0
0.21993 -0.10985 -0.072112 2
0.22006 -0.092346 -0.068536 3
0.29507 0.0010031 -0.064452 3
-0.30405 -0.30833 0.15144 3
0.070998 -0.22036 -0.13742 2
0.285 0.027711 0.022411 2
-0.40102 0.048186 0.24436 3
-0.49982 0.052469 0.29198 3
0.18412 -0.16173 -0.21272 2
-0.42425 -0.10076 0.14949 2
0.26 0.25025 0.0047621 1
0.29577 -0.068793 -0.080994 0
-0.38115 -0.12879 0.11393 3
-1.0591 0.53985 0.19316 1
0.29049 -0.036194 -0.1048 0
-0.55153 0.34048 0.062308 1
0.30272 -0.009268 0.04123 0
0.13715 0.20183 -0.13315 1
-0.038777 -0.11812 -0.062462 3
0.26612 0.012173 0.0015605 1
0.19571 0.06747 -0.2629 1
0.28245 0.073643 0.11577 0
-0.37091 -0.16083 -0.12489 2
0.30754 -0.12093 0.24212 3
0.18981 0.16 -0.13063 1
0.26982 -0.24493 0.052681 2
-0.29322 -0.10603 -0.33928 2
-0.1289 0.29631 -0.21783 1
0.025256 0.15169 -0.085546 1
0.15912 -0.10312 -0.27398 3
0.27599 -0.11114 0.13033 0
-0.13943 -0.24157 -0.13787 2
0.27055 -0.079054 -0.0075558 0
-0.1704 -0.20604 -0.036405 2
0.25862 -0.071572 -0.24022 2
0.12159 -0.041048 -0.016781 2
0.28359 0.0040798 -0.03121 0
0.23665 -0.082406 0.056882 0
-0.078113 -0.26632 -0.005841 3
-0.39495 -0.35451 -0.028013 2
0.29566 -0.07161 -0.15725 0
0.26653 0.28142 -0.075286 1
-0.1665 -0.089451 -0.15213 3
0.021562 -0.25123 -0.2123 3
-0.37375 0.35552 -0.09581 1
0.21527 -0.10842 -0.26985 3
0.19326 -0.10935 -0.29381 2
-0.63662 -0.073358 0.68231 3
0.24081 0.20984 -0.0040866 1
-0.30554 0.43158 0.11024 1
0.26255 0.25272 -0.020459 1
0.15302 0.18307 -0.039371 1
0.25525 -0.041804 -0.037899 0
0.012735 0.18922 -0.0011032 1
0.27305 -0.018308 -0.097771 0
-1.2124 0.491 0.15997 1
0.020578 0.25461 -0.3111 1
0.26062 0.12251 0.045243 1
0.29178 -0.1768 0.0065854 3
-1.37 0.29824 0.35993 1
0.26744 0.031979 -0.049349 2
-0.12492 -0.28505 0.087489 2
0.069629 -0.19735 -0.042577 2
0.22509 0.11708 -0.079334 1
-0.2133 -0.26857 -0.1192 2
0.2645 -0.015051 0.071128 0
-0.043206 -0.26891 -0.094974 2
0.29214 -0.062187 -0.088125 0
0.20239 -0.07733 -0.10753 2
0.14527 0.15447 -0.15123 1
0.24059 0.053986 0.052107 1
0.10305 -0.04543 -0.1729 3
-0.48014 -0.076095 0.3187 3
-0.35375 -0.049205 -0.24727 2
0.047839 -0.17515 -0.14802 3
0.29587 -0.020322 0.044292 0
-0.40654 0.070967 0.13966 3
-0.38787 -0.0053969 0.042399 2
0.27843 -0.077732 0.11816 0
0.27402 -0.092306 -0.0013465 0
0.28089 -0.073258 0.079059 0
-0.024723 -0.11955 -0.044132 3
-0.80879 0.46453 0.24565 1
-0.2439 -0.12353 -0.1265 2
-0.23191 -0.107 -0.2775 2
-0.48468 -0.24119 0.2134 2
0.15932 0.16902 -0.19096 1
-0.6107 -0.087331 0.24599 3
0.014121 -0.2684 -0.17687 2
0.060122 0.2037 -0.2324 1
-0.51325 0.14159 0.082576 3
-0.37317 0.019022 0.043769 2
0.085469 -0.13288 -0.27659 3
-0.49094 -0.2142 0.053927 2
0.2972 -0.024942 -0.04869 0
-0.16178 -0.13811 0.010996 3
0.26319 -0.088865 0.026276 0
0.27416 -0.060225 0.031909 0
-0.26882 -0.32402 0.01091 2
0.10186 0.21809 -0.11758 1
0.33696 -0.30599 0.029952 3
-0.41115 -0.14886 -0.098666 3
-0.51933 -0.086874 0.44563 3
-0.85709 0.52478 -0.083028 1
0.28574 0.0047261 0.071132 0
-1.3099 0.60635 0.16977 1
0.321 -0.13383 -0.080121 0
0.18857 -0.10827 -0.17077 3
-0.32692 -0.13116 0.13994 2
-0.57221 0.54861 0.13316 1
-0.66897 0.36469 0.13227 1
0.27985 -0.013336 -0.011628 0
-0.48628 -0.083425 0.049814 2
0.21416 0.122 -0.051629 1
0.26679 -0.1297 -0.064934 3
-0.23941 -0.10119 0.11704 2
0.26791 -0.023275 -0.082502 0
0.23368 0.26767 -0.094766 1
0.27858 -0.1057 -0.070857 0
0.24447 0.041467 0.05074 1
0.27396 -0.043265 -0.071919 0
-0.10557 -0.15001 -0.21097 2
0.0014267 -0.078053 -0.35651 2
0.2818 -0.081605 0.11015 0
0.26922 0.20419 0.026112 1
-0.45797 -0.37847 -0.13291 2
0.27545 0.0049397 0.066047 0
0.065331 -0.13946 0.082085 2
0.26256 0.034686 0.07502 1
0.28175 -0.12125 0.061286 0
-0.28526 -0.11714 -0.11649 3
0.30401 0.072147 -0.16236 2
0.2965 0.0054071 -0.043959 0
0.28921 -0.063553 0.055064 0
0.18611 0.23193 0.0008444 1
0.27943 -0.064563 -0.096393 0
-1.0497 0.70477 0.22962 1
0.22357 0.00055153 -0.19484 1
-0.31236 0.39268 0.010112 1
0.29436 -0.22046 0.0049074 2
0.0099576 -0.21537 -0.25654 2
-0.050381 0.34991 -0.161 1
-0.45103 0.051963 0.05908 2
0.18425 -0.17512 -0.16559 3
0.081861 0.21648 -0.15942 1
0.27575 -0.07115 -0.010494 0
0.2655 0.15341 -0.055052 1
0.23859 0.10135 0.02455 1
-0.32965 -0.24409 -0.22969 2
-0.41153 -0.048318 0.21653 3
-0.16968 -0.16755 -0.00722 3
-0.32672 -0.27993 0.091018 3
-0.070558 -0.082122 -0.076204 2
0.25368 -0.11992 -0.19521 0
0.22861 0.010108 0.043004 1
-0.29061 -0.20985 -0.0072515 3
0.24296 0.14299 -0.22501 1
0.27578 -0.039189 -0.076394 0
0.27501 -0.0009692 0.014844 0
-0.091831 -0.3752 0.098018 2
0.26818 0.03924 -0.078212 0
-0.70982 0.42574 0.15886 1
-0.5257 -0.067932 0.23437 2
-1.3331 0.57844 0.2948 1
0.25882 0.13493 -0.050199 1
-0.13627 -0.1239 -0.21844 2
0.036931 -0.16857 -0.31201 2
0.25348 0.15505 -0.055585 1
-0.065726 -0.19552 0.034915 3
0.23494 -0.0043188 0.055363 3
0.2785 -0.10527 0.12174 0
0.10298 -0.1143 -0.146 2
0.29911 -0.028983 -0.079625 0
-0.11743 -0.12789 -0.010496 3
-0.58604 -0.098015 0.32916 3
0.24061 0.17101 -0.13251 1
-0.92075 0.53634 0.45237 1
-0.50022 -0.094471 0.12461 2
0.28673 0.010959 -0.06521 0
-0.43504 0.47925 -7.5072e-05 1
0.30045 -0.092499 -0.029293 0
0.20842 0.12493 -0.028537 1
0.22476 0.1131 -0.073197 1
0.28591 -0.02242 -0.092676 3
0.25152 0.15421 -0.063878 2
-0.57028 0.05526 0.40092 3
-0.61405 0.051548 0.45185 3
-0.95899 0.5545 0.15631 1
-0.43245 -0.32306 -0.19622 2
0.16934 -0.07899 -0.077762 3
0.29588 -0.041428 -0.048944 0
0.28206 -0.097241 -0.050556 3
-0.16134 -0.22504 0.039461 3
0.24863 0.088363 -0.2863 2
0.29191 -0.036152 -0.15272 0
0.2366 0.2006 0.050796 1
-0.0024809 -0.18655 -0.022237 2
-0.092369 -0.1167 -0.15724 3
0.22892 0.095808 -0.0696 1
-0.3243 -0.1296 -0.27832 2
0.17199 -0.051398 0.045432 3
-0.10927 -0.23859 0.061424 3
-0.4319 -0.021896 0.070014 2
-0.19107 -0.24537 -0.26439 2
0.067698 -0.14574 -0.083356 2
0.26167 -0.15646 0.098513 0
0.20754 -0.10423 0.10003 3
-0.26455 -0.22715 -0.14127 2
0.28107 -0.050454 0.036681 0
0.30111 0.0059259 -0.043515 2
0.25082 0.095092 0.0045955 1
0.13644 -0.032418 -0.082901 3
-0.099098 0.35205 -0.1507 1
0.099512 0.17094 -0.29147 1
0.26802 -0.08652 -0.1487 0
0.0078491 0.20126 -0.060844 1
0.27465 0.034924 -0.0062402 0
-0.81291 0.50487 0.05982 1
0.2862 0.029177 -0.0078625 0
-0.5446 -0.14359 0.22463 3
-0.67808 0.46518 0.040968 1
-0.56929 0.043623 0.40348 3
0.23729 -0.093736 -0.01004 3
-0.40174 -0.015195 0.23367 2
-0.56543 0.046117 0.48262 3
0.28873 0.014946 0.035837 0
-0.22952 0.16166 -0.087762 1
0.25677 0.14925 -0.11 1
-0.42914 0.10843 0.18504 2
-0.49609 0.055076 0.34252 3
0.068546 -0.16827 -0.18825 3
0.27388 -0.042908 -0.0055404 0
0.27295 -0.0051701 0.042021 0
0.25284 0.28642 -0.069195 1
-0.52404 0.059456 0.38915 3
0.1527 -0.068451 -0.21051 2
0.25832 -0.22924 0.098869 3
-0.39898 -0.12006 0.27378 3
-0.48146 -0.095872 0.17164 2
0.15762 -0.22895 -0.11609 2
0.23975 0.1772 0.0014596 1
-0.50585 0.10244 0.14524 3
-1.0453 0.48327 0.20458 1
0.14249 0.19643 -0.25233 1
-0.45244 -0.17081 0.14767 3
0.25361 -0.049607 -0.029182 0
0.28503 0.082199 0.0045221 0
-0.45728 0.17165 0.15113 3
-0.64869 0.005293 0.55965 3
-0.51508 0.10784 0.11484 3
0.2728 -0.013976 -0.094889 3
0.25807 -0.020633 -0.17834 2
-0.24473 -0.1446 -0.17726 3
-0.48304 -0.060531 -0.056247 2
-0.37381 -0.35522 0.1516 2
0.2167 -0.17778 -0.4013 3
0.28901 -0.062609 0.0095933 0
-0.41091 0.15744 0.28865 3
0.27862 0.14804 -0.011282 1
0.12168 -0.09596 -0.20263 3
-0.54621 -0.063714 0.38087 3
0.1748 -0.2771 -0.26936 2
0.28113 0.02246 0.073451 0
0.27498 -0.0074014 0.065342 3
0.20495 -0.17546 -0.10259 3
-0.4936 -0.29522 0.046175 2
0.23427 0.019839 -0.11691 2
0.29678 -0.038437 0.13396 0
-0.030795 -0.11943 -0.14025 2
0.28179 0.045263 0.03205 0
0.25799 -0.19589 -0.13588 2
0.29511 -0.045219 0.068056 0
-0.50635 -0.16899 0.23467 3
0.12149 -0.059539 -0.098363 2
-0.10966 -0.18097 -0.16125 2
-0.31615 -0.055689 0.017316 3
0.011279 0.23848 -0.057918 1
0.24886 0.1163 -0.040101 1
-0.001708 -0.10618 0.020702 2
-1.0211 0.31613 0.18452 1
-0.34407 -0.34832 0.15317 2
0.28555 -0.085183 0.16701 0
0.26017 0.0032355 -0.062779 0
0.24977 -0.15081 -0.016037 0
-0.51905 -0.010642 0.2927 2
0.27584 0.0044035 0.18143 0
-0.27342 -0.12469 0.18416 3
-1.0037 0.48258 0.19563 1
0.16632 0.21346 -0.14838 1
0.26822 -0.03794 -0.081527 0
0.07137 -0.1865 -0.0486 2
0.14177 -0.15767 -0.32204 2
0.21992 0.17193 -0.048076 1
0.29389 -0.15244 0.095535 0
0.28124 -0.012396 -0.048834 0
0.23333 0.091645 0.018159 1
0.18801 0.042732 -0.21624 1
-0.41191 0.0037715 -0.10974 2
0.25913 -0.022149 0.023751 0
0.27201 -0.17277 0.089363 3
0.0035725 -0.1422 -0.21257 2
0.25519 0.20344 -0.05745 1
-0.30107 -0.31199 -0.16247 2
-0.028892 -0.082889 -0.018446 3
-1.0506 0.38906 0.41179 1
0.2624 0.023148 -0.01646 2
0.26803 0.15671 -0.055897 1
-0.50969 -0.11632 0.33903 2
-0.54752 0.18964 0.23925 3
0.095818 -0.17282 -0.17964 3
-0.45499 -0.0049896 0.10753 2
0.24823 -0.074798 -0.098069 3
