0 0 0 166 0 7 5 0 
0 0 1 6 1 0 0 0 
0 0 2 3 0 1 1 0 
0 0 3 3 1 0 1 0 
0 1 0 1 3 0 0 1 
0 1 1 1 34 1 0 1 
0 1 2 0 0 1 0 2 
0 1 3 0 0 0 0 3 
0 2 0 4 0 4 3 2 
0 2 1 1 0 1 0 2 
0 2 2 0 0 3 3 3 
0 2 3 1 0 3 3 3 
0 3 0 3 1 2 2 0 
0 3 1 1 1 2 1 2 
0 3 2 0 0 3 6 3 
0 3 3 0 0 0 2 3 
1 0 0 18 0 0 2 0 
1 0 1 1 1 0 0 1 
1 0 2 0 0 0 0 3 
1 0 3 1 0 3 1 2 
1 1 0 0 1 1 0 2 
1 1 1 0 92 3 1 1 
1 1 2 0 0 2 1 2 
1 1 3 0 0 1 2 3 
1 2 0 1 0 0 0 0 
1 2 1 0 0 0 1 3 
1 2 2 0 0 3 5 3 
1 2 3 0 0 3 3 3 
1 3 0 0 0 2 5 3 
1 3 1 0 2 2 2 3 
1 3 2 0 0 5 8 3 
1 3 3 0 0 2 20 3 
2 0 0 2 0 1 0 0 
2 0 1 0 0 0 0 3 
2 0 2 0 0 0 0 3 
2 0 3 0 0 0 0 3 
2 1 0 0 0 0 0 3 
2 1 1 0 32 0 0 1 
2 1 2 0 0 0 0 3 
2 1 3 0 2 0 0 1 
2 2 0 0 0 1 2 3 
2 2 1 0 1 1 0 2 
2 2 2 0 0 52 15 2 
2 2 3 0 0 23 6 2 
2 3 0 0 0 1 0 2 
2 3 1 0 0 1 1 3 
2 3 2 0 0 9 24 3 
2 3 3 0 0 14 20 3 
3 0 0 0 0 0 1 3 
3 0 1 0 0 0 0 3 
3 0 2 0 0 0 0 3 
3 0 3 0 0 0 0 3 
3 1 0 0 0 0 0 3 
3 1 1 0 39 0 0 1 
3 1 2 0 0 0 0 3 
3 1 3 0 0 1 0 2 
3 2 0 0 0 1 1 3 
3 2 1 0 0 0 0 3 
3 2 2 0 0 20 9 2 
3 2 3 0 0 14 7 2 
3 3 0 0 0 1 0 2 
3 3 1 0 1 0 0 1 
3 3 2 0 0 10 18 3 
3 3 3 0 0 8 26 3 
